10
6e57cb38ced6b16ac5d9d881fb68fc940e3df0c0036d8418b1d12ab3bd800533
0.0,0.04899777282850779,0.034521158129175944,0.24610244988864144,0.06180400890868597,0.11525612472160357,0.13474387527839643,0.09075723830734966,0.12193763919821826,0.14587973273942093
0.0,0.038730500268961805,0.07961269499731038,0.1968800430338892,0.0656266810112964,0.0984400215169446,0.1441635287789134,0.08337816030123722,0.09198493813878429,0.20118343195266272
0.0,0.04377564979480164,0.06839945280437756,0.18467852257181944,0.024623803009575923,0.13885088919288646,0.20177838577291382,0.04035567715458276,0.13132694938440492,0.1662106703146375
0.0,0.06275579809004093,0.07571623465211459,0.20600272851296045,0.0688949522510232,0.11937244201909959,0.16302864938608458,0.0941336971350614,0.10641200545702592,0.10368349249658936
0.0,0.05620608899297424,0.06323185011709602,0.16939890710382513,0.08743169398907104,0.13192818110850899,0.17876658860265418,0.0897736143637783,0.11787665886026542,0.1053864168618267
0.0,0.05641421947449768,0.05641421947449768,0.19165378670788252,0.061823802163833076,0.13523956723338484,0.17697063369397217,0.07109737248840804,0.1275115919629057,0.12287480680061824
0.0,0.05956112852664577,0.054075235109717866,0.1810344827586207,0.0603448275862069,0.14968652037617555,0.1731974921630094,0.05956112852664577,0.14733542319749215,0.1152037617554859
0.0,0.04740406320541761,0.08878856282919488,0.18133935289691497,0.0692249811888638,0.1346877351392024,0.1565086531226486,0.09104589917231001,0.12189616252821671,0.10835214446952596
0.0,0.05592105263157895,0.06661184210526316,0.18914473684210525,0.044407894736842105,0.16447368421052633,0.15542763157894737,0.10032894736842106,0.11924342105263158,0.10444078947368421
0.0,0.0645682001614205,0.05811138014527845,0.2195318805488297,0.0847457627118644,0.12267958030669895,0.15980629539951574,0.07102502017756256,0.12106537530266344,0.09846650524616626
0.0,0.08027923211169284,0.055846422338568937,0.1893542757417103,0.06631762652705062,0.13525305410122165,0.16055846422338568,0.08551483420593368,0.1273996509598604,0.09947643979057591
0.0,0.06641509433962264,0.04679245283018868,0.24528301886792453,0.10113207547169811,0.11018867924528301,0.13660377358490566,0.08150943396226415,0.12,0.09207547169811321
0.0,0.07856532877882152,0.05465414175918019,0.18616567036720752,0.0623398804440649,0.1596925704526046,0.15883859948761742,0.0802732707087959,0.12894961571306576,0.09052092228864218
0.0,0.07787903893951947,0.06379453189726594,0.1615575807787904,0.05716652858326429,0.14498757249378624,0.16984258492129245,0.0811930405965203,0.1383595691797846,0.1052195526097763
0.0,0.0542832909245123,0.09584393553859202,0.18744698897370654,0.06955046649703138,0.14249363867684478,0.15267175572519084,0.07463952502120441,0.1289228159457167,0.09414758269720101
0.0,0.06418918918918919,0.08361486486486487,0.19256756756756757,0.0777027027027027,0.14020270270270271,0.15371621621621623,0.08361486486486487,0.11317567567567567,0.09121621621621621
0.0,0.07073386383731212,0.058355437665782495,0.1883289124668435,0.09195402298850575,0.13262599469496023,0.15915119363395225,0.08841732979664015,0.13527851458885942,0.07515473032714412
0.0,0.057724957555178265,0.08488964346349745,0.1935483870967742,0.09422750424448217,0.11460101867572156,0.15789473684210525,0.07470288624787776,0.13412563667232597,0.08828522920203735
0.0,0.07832422586520947,0.056466302367941715,0.20856102003642987,0.07741347905282331,0.13934426229508196,0.15209471766848817,0.07377049180327869,0.14025500910746813,0.07377049180327869
0.0,0.06860371267150928,0.06133979015334948,0.28087167070217917,0.07586763518966909,0.13155770782889428,0.14769975786924938,0.0516545601291364,0.13397901533494755,0.048426150121065374
0.0,0.06666666666666667,0.08888888888888889,0.17004830917874397,0.057971014492753624,0.1536231884057971,0.1671497584541063,0.08502415458937199,0.15845410628019324,0.05217391304347826
0.0,0.05110132158590308,0.053744493392070485,0.17973568281938326,0.03171806167400881,0.2,0.17973568281938326,0.06696035242290749,0.15947136563876652,0.07753303964757709
0.0,0.07335907335907337,0.05019305019305019,0.15637065637065636,0.09652509652509653,0.14478764478764478,0.166988416988417,0.09266409266409266,0.15733590733590733,0.06177606177606178
0.0,0.05367231638418079,0.064030131826742,0.16666666666666666,0.064030131826742,0.15819209039548024,0.18361581920903955,0.08380414312617702,0.1534839924670433,0.07250470809792843
0.0,0.05352112676056338,0.06291079812206572,0.1755868544600939,0.0647887323943662,0.1539906103286385,0.168075117370892,0.1107981220657277,0.11549295774647887,0.09483568075117371
0.0,0.059433962264150944,0.07075471698113207,0.18584905660377357,0.07075471698113207,0.1490566037735849,0.16037735849056603,0.09905660377358491,0.1179245283018868,0.08679245283018867
0.0,0.07692307692307693,0.05560704355885079,0.17794253938832252,0.07506950880444857,0.13623725671918444,0.15291936978683968,0.09823911028730306,0.14087117701575533,0.08619091751621873
0.0,0.041666666666666664,0.03773584905660377,0.3050314465408805,0.060534591194968554,0.1139937106918239,0.1690251572327044,0.0660377358490566,0.11949685534591195,0.08647798742138364
0.0,0.005602304429676337,0.9645036176824151,0.0019052371339789971,0.0025176347841865316,0.004921862596112409,0.0020866882895960444,0.00421873936809635,0.004717730046043231,0.003084669645489805,0.0033795277733675065,0.0030619882510376736
0.0,0.03268945022288262,0.08023774145616643,0.1612184249628529,0.0713224368499257,0.12927191679049035,0.1537890044576523,0.13075780089153047,0.12481426448736999,0.11589895988112928
0.0,0.04713804713804714,0.06313131313131314,0.17087542087542087,0.07407407407407407,0.14225589225589225,0.17087542087542087,0.09595959595959595,0.12962962962962962,0.10606060606060606
0.0,0.06233766233766234,0.05887445887445888,0.1800865800865801,0.08917748917748917,0.14285714285714285,0.16277056277056276,0.10043290043290043,0.11948051948051948,0.08398268398268398
0.0,0.072744014732965,0.03591160220994475,0.16482504604051565,0.06998158379373849,0.15101289134438306,0.17863720073664824,0.09852670349907919,0.12430939226519337,0.10405156537753223
0.0,0.05104831358249772,0.05195989061075661,0.17502278942570648,0.09206927985414767,0.12215132178669097,0.1804922515952598,0.10391978122151321,0.12123974475843209,0.10209662716499544
0.0,0.057843996494303246,0.06310254163014899,0.17703768624014024,0.09290096406660824,0.13847502191060473,0.15687992988606486,0.09991235758106924,0.11481156879929887,0.09903593339176162
0.0,0.06371191135734072,0.055401662049861494,0.16251154201292706,0.0729455216989843,0.14127423822714683,0.1680517082179132,0.10526315789473684,0.11819021237303785,0.11265004616805172
0.0,0.047315741583257506,0.07279344858962693,0.1737943585077343,0.0818926296633303,0.1364877161055505,0.1565059144676979,0.07734303912647862,0.1665150136487716,0.08735213830755233
0.0,0.06028708133971292,0.05837320574162679,0.15885167464114833,0.08133971291866028,0.12822966507177033,0.17416267942583732,0.09186602870813397,0.1521531100478469,0.0937799043062201
0.0,0.07274490785645005,0.0475266731328807,0.1687681862269641,0.07371483996120272,0.15615906886517944,0.1687681862269641,0.09117361784675072,0.14742967992240544,0.07371483996120272
0.0,0.05612244897959184,0.27405247813411077,0.1392128279883382,0.0619533527696793,0.10495626822157435,0.11880466472303207,0.07580174927113703,0.10787172011661808,0.061224489795918366
0.0,0.06759443339960239,0.05964214711729622,0.1550695825049702,0.09542743538767395,0.12922465208747516,0.1779324055666004,0.10636182902584493,0.14512922465208747,0.0636182902584493
0.0,0.06889952153110047,0.0660287081339713,0.17894736842105263,0.05741626794258373,0.13875598086124402,0.1674641148325359,0.09569377990430622,0.1875598086124402,0.03923444976076555
0.0,0.0759493670886076,0.05647517039922103,0.1801363193768257,0.09152872444011685,0.12755598831548198,0.17039922103213243,0.0798442064264849,0.15579357351509251,0.062317429406037
0.0,0.06300813008130081,0.06707317073170732,0.15142276422764228,0.051829268292682924,0.17886178861788618,0.15955284552845528,0.08434959349593496,0.17784552845528456,0.06605691056910569
0.0,0.0964660936007641,0.026743075453677174,0.13371537726838587,0.061127029608404965,0.13944603629417382,0.16332378223495703,0.06494746895893028,0.18624641833810887,0.1279847182425979
0.0,0.0872093023255814,0.07751937984496124,0.16279069767441862,0.07364341085271318,0.12015503875968993,0.17732558139534885,0.09302325581395349,0.15794573643410853,0.050387596899224806
0.0,0.06224489795918367,0.0673469387755102,0.1357142857142857,0.06938775510204082,0.15816326530612246,0.1846938775510204,0.08469387755102041,0.19489795918367347,0.04183673469387755
0.0,0.060450819672131145,0.0584016393442623,0.17520491803278687,0.0778688524590164,0.14856557377049182,0.17008196721311475,0.09836065573770492,0.15163934426229508,0.05942622950819672
0.0,0.06660137120470128,0.05386875612144956,0.19000979431929482,0.07345739471106758,0.14789422135161606,0.1714005876591577,0.07051909892262488,0.1802154750244858,0.04603330068560235
0.0,0.06460945033751206,0.05400192864030858,0.16393442622950818,0.08486017357762778,0.14368370298939248,0.1562198649951784,0.10028929604628736,0.1398264223722276,0.09257473481195758
0.0,0.034840622683469234,0.056338028169014086,0.352112676056338,0.034840622683469234,0.13862120088954782,0.14381022979985175,0.060044477390659746,0.11638250555967383,0.06300963676797627
0.0,0.0592396109637489,0.04509283819628647,0.22723253757736517,0.10610079575596817,0.13704686118479223,0.16003536693191867,0.08841732979664015,0.12024756852343059,0.05658709106984969
0.0,0.06387225548902195,0.05189620758483034,0.16467065868263472,0.0499001996007984,0.17365269461077845,0.17465069860279442,0.03992015968063872,0.19461077844311378,0.08682634730538923
0.0,0.058931860036832415,0.1003683241252302,0.16482504604051565,0.08747697974217311,0.1252302025782689,0.16666666666666666,0.08931860036832412,0.1261510128913444,0.08103130755064457
0.0,0.05809731299927379,0.07625272331154684,0.1430646332607117,0.074800290486565,0.09222948438634714,0.15541031227305738,0.13071895424836602,0.1786492374727669,0.09077705156136529
