12
a403c2095df466e9f4592b521e3dff4877fa4b0a574c50cc45652ec44a77d434
0.0,0.0347661188369153,0.045512010113780026,0.13147914032869784,0.21428571428571427,0.04298356510745891,0.13969658659924147,0.07206068268015171,0.08154235145385588,0.1472819216182048,0.040455120101137804,0.04993678887484197
0.0,0.04257907542579075,0.04683698296836983,0.09367396593673966,0.1307785888077859,0.06386861313868614,0.12408759124087591,0.11009732360097324,0.08880778588807786,0.2110705596107056,0.03710462287104623,0.051094890510948905
0.0,0.06264501160092807,0.04118329466357309,0.14211136890951276,0.1740139211136891,0.04582366589327146,0.12064965197215777,0.09860788863109049,0.08004640371229699,0.12587006960556846,0.05104408352668213,0.058004640371229696
0.0,0.056566970091027305,0.04746423927178153,0.06046814044213264,0.19505851755526657,0.0754226267880364,0.10988296488946683,0.11898569570871262,0.07737321196358908,0.14759427828348504,0.04811443433029909,0.06306892067620286
0.0,0.02461139896373057,0.04987046632124352,0.06476683937823834,0.14378238341968913,0.04404145077720207,0.10621761658031088,0.2338082901554404,0.09261658031088082,0.14961139896373057,0.04145077720207254,0.04922279792746114
0.0,0.0391812865497076,0.05146198830409357,0.054385964912280704,0.1742690058479532,0.0029239766081871343,0.05497076023391813,0.09824561403508772,0.25321637426900584,0.049707602339181284,0.14736842105263157,0.03450292397660819,0.0391812865497076
0.0,0.03899721448467967,0.03806870937790158,0.060352831940575676,0.11652739090064995,0.057567316620241414,0.06917363045496751,0.33008356545961004,0.09563602599814298,0.11838440111420613,0.04456824512534819,0.03064066852367688
0.0,0.04418170504044804,0.05040448039825762,0.05911636589919104,0.12134411947728686,0.06222775357809583,0.09831985065339141,0.20535158680771623,0.09956440572495333,0.16490354698195395,0.044803982576229,0.049782202862476664
0.0,0.0539389638041164,0.0525195173882186,0.08374733853797019,0.16962384669978708,0.06458481192334989,0.13555713271823988,0.0936834634492548,0.08445706174591909,0.1497515968772179,0.057487579843860895,0.054648687012065295
0.0,0.05539971949509116,0.05890603085553997,0.08274894810659186,0.15287517531556802,0.0729312762973352,0.10448807854137447,0.13113604488078542,0.05750350631136045,0.15918653576437589,0.06030855539971949,0.06451612903225806
0.0,0.06540084388185655,0.058368495077355836,0.05555555555555555,0.16736990154711673,0.08790436005625879,0.10548523206751055,0.12165963431786217,0.07032348804500703,0.1729957805907173,0.0379746835443038,0.056962025316455694
0.0,0.05112781954887218,0.05789473684210526,0.07593984962406015,0.14135338345864662,0.08421052631578947,0.10751879699248121,0.11578947368421053,0.08721804511278196,0.16541353383458646,0.06917293233082707,0.0443609022556391
0.0,0.0689149560117302,0.05865102639296188,0.06964809384164222,0.15175953079178886,0.06964809384164222,0.1436950146627566,0.093841642228739,0.08944281524926687,0.16422287390029325,0.04105571847507331,0.04912023460410557
0.0,0.060995184590690206,0.06581059390048154,0.0666131621187801,0.16853932584269662,0.06179775280898876,0.12680577849117175,0.11717495987158909,0.07784911717495988,0.1637239165329053,0.03531300160513644,0.05537720706260032
0.0,0.042579837194740136,0.042579837194740136,0.06261740763932373,0.12398246712586099,0.05823418910457107,0.10958046336881654,0.24921728240450847,0.08578584846587352,0.1408891671884784,0.052598622417031934,0.031934877896055106
0.0,0.0361687876758205,0.0810448760884126,0.03750837240455459,0.24648359008707302,0.0783657066309444,0.08640321500334897,0.1332886805090422,0.07434695244474213,0.1406563965170797,0.03750837240455459,0.04822505023442733
0.0,0.06538461538461539,0.05153846153846154,0.06769230769230769,0.17076923076923076,0.07307692307692308,0.12153846153846154,0.10615384615384615,0.07923076923076923,0.14846153846153845,0.054615384615384614,0.06153846153846154
0.0,0.036947791164658635,0.07068273092369477,0.06586345381526104,0.17991967871485945,0.05542168674698795,0.12369477911646587,0.11164658634538152,0.08674698795180723,0.1678714859437751,0.040160642570281124,0.06104417670682731
0.0,0.03918495297805643,0.05721003134796238,0.08385579937304075,0.1590909090909091,0.06504702194357367,0.14498432601880878,0.09639498432601881,0.09169278996865204,0.1731974921630094,0.03683385579937304,0.052507836990595615
0.0,0.055008210180623976,0.07142857142857142,0.054187192118226604,0.14285714285714285,0.08210180623973727,0.1354679802955665,0.08620689655172414,0.08949096880131363,0.16666666666666666,0.04926108374384237,0.06732348111658457
0.0,0.05755947812739831,0.05372217958557176,0.0713737528779739,0.13891020721412126,0.06216423637759018,0.13277052954719878,0.08672294704528012,0.09516500383729855,0.17651573292402148,0.06676899462778205,0.05832693783576362
0.0,0.05284227381905524,0.05604483586869496,0.06725380304243395,0.14971977582065651,0.07125700560448359,0.13610888710968774,0.09847878302642114,0.10088070456365092,0.1689351481184948,0.03763010408326661,0.06084867894315452
0.0,0.0550185873605948,0.053531598513011154,0.07137546468401487,0.15018587360594796,0.06840148698884758,0.14052044609665426,0.08773234200743495,0.11226765799256505,0.15985130111524162,0.053531598513011154,0.04758364312267658
0.0,0.04583020285499624,0.05709992486851991,0.06311044327573254,0.13974455296769348,0.06836964688204357,0.1382419233658903,0.09917355371900827,0.11269722013523667,0.1720510894064613,0.045078888054094664,0.058602554470323066
0.0,0.07919254658385093,0.055900621118012424,0.06832298136645963,0.14906832298136646,0.06366459627329192,0.1327639751552795,0.0986024844720497,0.09549689440993789,0.16071428571428573,0.046583850931677016,0.049689440993788817
0.0,0.04891994917407878,0.05844980940279543,0.044472681067344345,0.35578144853875476,0.05781448538754765,0.09339263024142312,0.0781448538754765,0.06353240152477764,0.12642947903430748,0.02795425667090216,0.04510800508259212
0.0,0.06912442396313365,0.0576036866359447,0.07450076804915515,0.14746543778801843,0.060675883256528416,0.13748079877112135,0.0837173579109063,0.09984639016897082,0.1620583717357911,0.04838709677419355,0.05913978494623656
0.0,0.051036682615629984,0.04704944178628389,0.09649122807017543,0.1467304625199362,0.07017543859649122,0.13476874003189793,0.09409888357256778,0.09330143540669857,0.17304625199362042,0.0342902711323764,0.058213716108452954
0.0,0.04568106312292359,0.058970099667774084,0.07724252491694353,0.16279069767441862,0.06893687707641195,0.132890365448505,0.10299003322259136,0.08803986710963455,0.17275747508305647,0.03903654485049834,0.050664451827242524
0.0,0.0513595166163142,0.042900302114803626,0.07492447129909366,0.15226586102719034,0.07129909365558912,0.09003021148036254,0.10211480362537764,0.0743202416918429,0.2682779456193353,0.045921450151057405,0.026586102719033233
0.0,0.0141287284144427,0.06357927786499215,0.09026687598116169,0.16483516483516483,0.059654631083202514,0.13736263736263737,0.09811616954474098,0.09968602825745683,0.1781789638932496,0.041601255886970175,0.05259026687598116
0.0,0.052670623145400594,0.05118694362017804,0.0771513353115727,0.16468842729970326,0.06379821958456973,0.12833827893175073,0.1172106824925816,0.08679525222551929,0.14540059347181009,0.05712166172106825,0.055637982195845696
0.0,0.025210084033613446,0.06493506493506493,0.0748663101604278,0.16042780748663102,0.05576776165011459,0.1382734912146677,0.10007639419404125,0.0855614973262032,0.1970970206264324,0.04583651642475172,0.05194805194805195
0.0,0.061074319352465045,0.059602649006622516,0.06475349521707138,0.16335540838852097,0.06622516556291391,0.13024282560706402,0.10301692420897719,0.08094186902133922,0.15746872700515085,0.06622516556291391,0.047093451066961
0.0,0.07808946171341925,0.05534495830174375,0.06444275966641395,0.13646702047005307,0.06899166034874905,0.13570887035633056,0.09173616376042457,0.09855951478392722,0.1607278241091736,0.05989385898407885,0.050037907505686124
0.0,0.07175925925925926,0.05324074074074074,0.0779320987654321,0.15200617283950618,0.05787037037037037,0.13425925925925927,0.09182098765432099,0.09722222222222222,0.16049382716049382,0.06404320987654322,0.03935185185185185
0.0,0.07009925558312655,0.04094292803970223,0.0663771712158809,0.14702233250620347,0.04900744416873449,0.13089330024813894,0.05583126550868486,0.1401985111662531,0.07568238213399504,0.17121588089330025,0.006823821339950372,0.04590570719602978
0.0,0.06215578284815106,0.05586152635719906,0.07631785995279308,0.16522423288749016,0.08261211644374508,0.10857592446892211,0.11329661683713611,0.07710464201416208,0.17309205350118018,0.03855232100708104,0.04720692368214005
0.0,0.0456656346749226,0.06269349845201239,0.07972136222910217,0.15015479876160992,0.06501547987616099,0.12770897832817338,0.0890092879256966,0.08281733746130031,0.17027863777089783,0.05263157894736842,0.07430340557275542
0.0,0.04686318972033258,0.05895691609977324,0.06878306878306878,0.15721844293272866,0.0801209372637944,0.12169312169312169,0.10657596371882086,0.08767951625094482,0.1836734693877551,0.045351473922902494,0.04308390022675737
0.0,0.045768025078369905,0.045141065830721,0.05454545454545454,0.13479623824451412,0.05579937304075235,0.09717868338557993,0.10156739811912226,0.2495297805642633,0.14670846394984327,0.0438871473354232,0.025078369905956112
0.0,0.04799474030243261,0.044707429322813935,0.05851413543721236,0.16042077580539119,0.08152531229454306,0.12886259040105194,0.09533201840894148,0.11834319526627218,0.18080210387902695,0.049967126890203814,0.03353057199211045
0.0,0.0555247084952804,0.0421987784564131,0.21432537479178235,0.10161021654636314,0.04608550805108273,0.09217101610216547,0.08828428650749584,0.14491948917268185,0.15824541921154914,0.021654636313159357,0.03498056635202665
0.0,0.08623548922056384,0.06301824212271974,0.05970149253731343,0.16417910447761194,0.05638474295190713,0.1417910447761194,0.07628524046434494,0.10281923714759536,0.16334991708126037,0.02570480928689884,0.06053067993366501
0.0,0.04795050270688322,0.05955143078112916,0.07811291569992267,0.15622583139984533,0.08197989172467131,0.11987625676720805,0.09280742459396751,0.08894044856921887,0.16318638824439288,0.07424593967517401,0.037122969837587005
0.0,0.08530805687203792,0.06398104265402843,0.06714060031595577,0.15165876777251186,0.07582938388625593,0.11927330173775672,0.08767772511848342,0.09557661927330174,0.1627172195892575,0.045813586097946286,0.045023696682464455
0.0,0.09547383309759547,0.07284299858557285,0.08557284299858557,0.1471004243281471,0.07355021216407355,0.11103253182461104,0.060113154172560114,0.10961810466760961,0.1485148514851485,0.06577086280056577,0.03041018387553041
0.0,0.04856361149110807,0.05471956224350205,0.09097127222982217,0.2079343365253078,0.08344733242134063,0.09370725034199727,0.10601915184678523,0.06839945280437756,0.140218878248974,0.0677154582763338,0.038303693570451436
0.0,0.047157622739018086,0.03875968992248062,0.10529715762273902,0.15956072351421188,0.0755813953488372,0.082687338501292,0.09043927648578812,0.1821705426356589,0.1285529715762274,0.04780361757105943,0.04198966408268734
0.0,0.04745042492917847,0.058781869688385266,0.08286118980169972,0.14447592067988668,0.0679886685552408,0.12039660056657224,0.08002832861189801,0.12606232294617564,0.17492917847025496,0.05807365439093484,0.03895184135977337
0.0,0.01750380517503805,0.06012176560121765,0.1111111111111111,0.16210045662100456,0.060882800608828,0.136986301369863,0.0958904109589041,0.10426179604261795,0.1598173515981735,0.02968036529680365,0.06164383561643835
0.0,0.06547155105222136,0.0475448168355417,0.0701480904130943,0.16212003117692908,0.04988308651597818,0.16679657053780203,0.10288386593920498,0.09119251753702261,0.15354637568199533,0.03351519875292284,0.05689789555728761
0.0,0.04467084639498432,0.05642633228840126,0.08463949843260188,0.17084639498432602,0.07523510971786834,0.11833855799373041,0.05721003134796238,0.12304075235109718,0.1536050156739812,0.06896551724137931,0.047021943573667714
0.0,0.06710310965630115,0.049099836333878884,0.07855973813420622,0.16284779050736498,0.06546644844517185,0.13911620294599017,0.08101472995090016,0.08346972176759411,0.20458265139116202,0.012274959083469721,0.05646481178396072
0.0,0.04731355252606255,0.040096230954290296,0.10505212510024058,0.1868484362469928,0.06655974338412189,0.14033680834001605,0.09061748195669607,0.08821170809943865,0.14033680834001605,0.03608660785886127,0.05854049719326383
0.0,0.04851752021563342,0.044923629829290206,0.0646900269541779,0.1527403414195867,0.05390835579514825,0.1320754716981132,0.11410601976639713,0.10601976639712489,0.18328840970350405,0.0440251572327044,0.055705300988319856
0.0,0.06637168141592921,0.06371681415929203,0.05752212389380531,0.16194690265486725,0.0743362831858407,0.12035398230088495,0.11061946902654868,0.06460176991150443,0.15752212389380532,0.061946902654867256,0.061061946902654866
0.0,0.06076854334226988,0.06613047363717604,0.06523681858802502,0.17873100983020554,0.05987488829311886,0.1447721179624665,0.10008936550491511,0.08042895442359249,0.14745308310991956,0.03753351206434316,0.058981233243967826
