8
2afb5c2cbd67ce59a9a89b0adc501754a23333a2b08c2eecf94e7d62ba4bc8d1
0.0,0.013407455853499018,0.01896664486592544,0.24035317200784825,0.02419882275997384,0.6358731196860693,0.030085022890778287,0.03711576193590582
0.0,0.05105296745373325,0.18825781748564135,0.23101467772814294,0.08998085513720484,0.17677089980855137,0.13784301212507977,0.12507977026164646
0.0,0.03765690376569038,0.07698744769874477,0.2292887029288703,0.1096234309623431,0.21171548117154812,0.07782426778242678,0.2569037656903766
0.0,0.05128205128205128,0.11965811965811966,0.23717948717948717,0.14031339031339032,0.23433048433048434,0.1111111111111111,0.10612535612535613
0.0,0.0736392742796158,0.09818569903948772,0.15474919957310565,0.1376734258271078,0.26680896478121663,0.09178228388473852,0.17716115261472787
0.0,0.06302521008403361,0.09243697478991597,0.14600840336134455,0.13970588235294118,0.29516806722689076,0.08823529411764706,0.17542016806722688
0.0,0.09345794392523364,0.07476635514018691,0.14330218068535824,0.15680166147455868,0.2814122533748702,0.09138110072689512,0.1588785046728972
0.0,0.08442211055276382,0.07236180904522613,0.14773869346733667,0.1798994974874372,0.2271356783919598,0.10552763819095477,0.1829145728643216
0.0,0.05333333333333334,0.072,0.14222222222222222,0.16622222222222222,0.2897777777777778,0.128,0.14844444444444443
0.0,0.07547169811320754,0.07547169811320754,0.13836477987421383,0.16247379454926625,0.2431865828092243,0.10377358490566038,0.20125786163522014
0.0,0.07027027027027027,0.06918918918918919,0.15567567567567567,0.1254054054054054,0.2594594594594595,0.13945945945945945,0.18054054054054053
0.0,0.0463871543264942,0.056199821587867974,0.1409455842997324,0.29973238180196254,0.21944692239072258,0.08563782337198929,0.15165031222123104
0.0,0.06823027718550106,0.11300639658848614,0.14285714285714285,0.1673773987206823,0.20788912579957355,0.12046908315565032,0.18017057569296374
0.0,0.03858520900321544,0.03376205787781351,0.3858520900321543,0.08092175777063237,0.33762057877813506,0.06645230439442658,0.05680600214362272
0.0,0.06900328587075576,0.09967141292442497,0.16100766703176342,0.09419496166484119,0.2157721796276013,0.10405257393209201,0.25629791894852133
0.0,0.04002501563477173,0.06566604127579738,0.4440275171982489,0.1425891181988743,0.13946216385240776,0.07004377736085053,0.09818636647904941
0.0,0.05823293172690763,0.11847389558232932,0.18072289156626506,0.13654618473895583,0.21385542168674698,0.14056224899598393,0.15160642570281124
0.0,0.026449643947100712,0.1353001017293998,0.1271617497456765,0.3779247202441506,0.20040691759918616,0.061037639877924724,0.07171922685656154
0.0,0.15926791277258567,0.14018691588785046,0.2644080996884735,0.09151090342679127,0.1382398753894081,0.08294392523364486,0.1234423676012461
0.0,0.06944444444444445,0.1293402777777778,0.11371527777777778,0.20225694444444445,0.21961805555555555,0.1111111111111111,0.1545138888888889
0.0,0.03320754716981132,0.17660377358490567,0.16679245283018868,0.2060377358490566,0.1630188679245283,0.12075471698113208,0.13358490566037737
0.0,0.06350626118067978,0.11896243291592129,0.1404293381037567,0.17620751341681573,0.19409660107334525,0.1404293381037567,0.16636851520572452
0.0,0.057279236276849645,0.07000795544948289,0.1917263325377884,0.15354017501988862,0.2529832935560859,0.13842482100238662,0.1360381861575179
0.0,0.05140640155189137,0.12027158098933075,0.12124151309408342,0.16682832201745879,0.2162948593598448,0.14354995150339475,0.18040737148399613
0.0,0.06049149338374291,0.03528670447385003,0.40264650283553877,0.13547574039067423,0.15374921235034655,0.1033396345305608,0.1090107120352867
0.0,0.058997050147492625,0.09931170108161258,0.13864306784660768,0.14847590953785644,0.20943952802359883,0.14847590953785644,0.19665683382497542
0.0,0.07309941520467836,0.08089668615984405,0.15984405458089668,0.1608187134502924,0.2037037037037037,0.14814814814814814,0.17348927875243664
0.0,0.06886517943743937,0.11542192046556742,0.13870029097963144,0.17749757516973813,0.19398642095053345,0.12609117361784675,0.17943743937924345
0.0,0.05180388529139685,0.08233117483811286,0.1147086031452359,0.20814061054579094,0.2627197039777983,0.13691026827012026,0.14338575393154487
0.0,0.07612781954887218,0.07894736842105263,0.14191729323308272,0.20018796992481203,0.212406015037594,0.12030075187969924,0.17011278195488722
0.0,0.06033789219629927,0.06838294448913917,0.14320193081255028,0.21962992759452937,0.27031375703942073,0.09734513274336283,0.13998390989541432
0.0,0.06626506024096386,0.10642570281124498,0.16265060240963855,0.12248995983935743,0.23393574297188754,0.09236947791164658,0.21586345381526104
0.0,0.06,0.106,0.153,0.156,0.221,0.131,0.173
0.0,0.0865979381443299,0.0711340206185567,0.1422680412371134,0.16804123711340208,0.22474226804123712,0.11958762886597939,0.18762886597938144
0.0,0.058394160583941604,0.06843065693430657,0.1678832116788321,0.17427007299270073,0.21076642335766424,0.1386861313868613,0.18156934306569342
0.0,0.06599450045829514,0.11365719523373052,0.16498625114573787,0.1604032997250229,0.1842346471127406,0.13198900091659027,0.17873510540788268
0.0,0.05649717514124294,0.0687382297551789,0.15065913370998116,0.15819209039548024,0.1977401129943503,0.1384180790960452,0.2297551789077213
0.0,0.0527803958529689,0.08576814326107446,0.13666352497643733,0.18001885014137606,0.2064090480678605,0.13666352497643733,0.20169651272384542
0.0,0.03490566037735849,0.13584905660377358,0.17358490566037735,0.12641509433962264,0.2009433962264151,0.1,0.22830188679245284
0.0,0.025669642857142856,0.11439732142857142,0.29464285714285715,0.17633928571428573,0.20647321428571427,0.09709821428571429,0.08537946428571429
0.0,0.04767652383826192,0.08992154496077248,0.3367531683765842,0.07543753771876886,0.13820156910078454,0.22208811104405551,0.04345202172601086,0.04646952323476162
0.0,0.0888086642599278,0.0664259927797834,0.23465703971119134,0.059927797833935016,0.20505415162454874,0.251985559566787,0.04404332129963899,0.04909747292418772
0.0,0.07168458781362007,0.08817204301075268,0.23512544802867383,0.060215053763440864,0.2021505376344086,0.25591397849462366,0.03942652329749104,0.047311827956989246
0.0,0.08486082824168364,0.06788866259334692,0.23421588594704684,0.05431093007467753,0.22742701968771215,0.23625254582484725,0.051595383570943655,0.04344874405974202
0.0,0.09260642270351008,0.05675877520537715,0.20388349514563106,0.07841672890216579,0.21209858103061988,0.2643764002987304,0.039581777445855115,0.05227781926811053
0.0,0.07637231503579953,0.05071599045346062,0.15214797136038186,0.07159904534606205,0.3490453460620525,0.21181384248210025,0.04116945107398568,0.04713603818615752
0.0,0.06658047834518423,0.060116354234001294,0.19392372333548805,0.16548157724628312,0.1577246283128636,0.3070458952811894,0.007110536522301228,0.04201680672268908
0.0,0.24202127659574468,0.050088652482269506,0.041666666666666664,0.11879432624113476,0.26595744680851063,0.04875886524822695,0.16356382978723405,0.040780141843971635,0.028368794326241134
0.0,0.0749665327978581,0.06693440428380187,0.18674698795180722,0.09839357429718876,0.2389558232931727,0.24364123159303883,0.04551539491298527,0.04484605087014726
0.0,0.07794803464357095,0.05996002664890073,0.17055296469020653,0.07461692205196535,0.28847435043304465,0.22718187874750168,0.06662225183211193,0.034643570952698204
0.0,0.07417218543046358,0.07549668874172186,0.23774834437086093,0.06225165562913907,0.2271523178807947,0.23576158940397351,0.052980132450331126,0.03443708609271523
0.0,0.05223068552774755,0.33623503808487487,0.16757344940152338,0.05005440696409141,0.1381936887921654,0.16267682263329705,0.05767138193688792,0.03536452665941241
0.0,0.06818181818181818,0.09012539184952978,0.18808777429467086,0.0877742946708464,0.2249216300940439,0.219435736677116,0.06739811912225706,0.054075235109717866
0.0,0.09388335704125178,0.07610241820768136,0.1728307254623044,0.07681365576102418,0.21763869132290184,0.23470839260312945,0.07183499288762446,0.0561877667140825
0.0,0.09788980070339977,0.05744431418522861,0.305978898007034,0.0873388042203986,0.14712778429073858,0.19636576787807739,0.06740914419695193,0.04044548651817116
0.0,0.06711733462095607,0.04249154997585707,0.14920328343795267,0.045871559633027525,0.1521004345726702,0.31627233220666345,0.1883148237566393,0.0386286817962337
0.0,0.0797592174567344,0.08201655379984951,0.21369450714823177,0.08051166290443942,0.2076749435665914,0.2144469525959368,0.07674943566591422,0.045146726862302484
0.0,0.0907244414353419,0.06499661475964794,0.17941773865944483,0.08395396073121192,0.24644549763033174,0.20785375761679079,0.07786052809749493,0.04874746106973595
0.0,0.09530483531885074,0.06377014716187807,0.2025227750525578,0.07358093903293624,0.2291520672740014,0.21373510861948142,0.07778556412053259,0.04414856341976174
0.0,0.07697006719609041,0.06047648136835675,0.15210751374465487,0.07819181429444105,0.3396456933414783,0.19975565058032987,0.056200366524129505,0.03665241295051924
0.0,0.06955966815571155,0.07211231652839821,0.2188895979578813,0.08998085513720484,0.25143586470963625,0.190810465858328,0.0612635609444799,0.04594767070835992
0.0,0.10014005602240897,0.05952380952380952,0.18977591036414565,0.07352941176470588,0.211484593837535,0.20868347338935575,0.09593837535014006,0.06092436974789916
0.0,0.0709855272226051,0.06960716747070986,0.17367332873880081,0.08270158511371468,0.2253618194348725,0.27015851137146796,0.06340454858718125,0.04410751206064783
0.0,0.15789473684210525,0.08317089018843404,0.1949317738791423,0.0649772579597141,0.18908382066276802,0.198180636777128,0.06627680311890838,0.04548408057179987
0.0,0.11407605070046697,0.0466977985323549,0.19946631087391595,0.07471647765176785,0.1801200800533689,0.2635090060040027,0.06804536357571714,0.0533689126084056
0.0,0.10939794419970632,0.06020558002936858,0.18869309838472834,0.0881057268722467,0.22026431718061673,0.22026431718061673,0.06387665198237885,0.04919236417033774
0.0,0.08402100525131283,0.06976744186046512,0.2243060765191298,0.056264066016504126,0.23780945236309078,0.2078019504876219,0.06526631657914479,0.05476369092273068
0.0,0.10163468372423597,0.07178393745557925,0.1677327647476901,0.10092395167022032,0.22032693674484718,0.2125088841506752,0.0767590618336887,0.048329779673063254
0.0,0.08492569002123142,0.09412597310686482,0.2002830856334041,0.07714083510261854,0.21160651096956828,0.20523708421797593,0.07926397735314933,0.047416843595187545
0.0,0.1085972850678733,0.07164404223227752,0.20512820512820512,0.06485671191553545,0.23152337858220212,0.20739064856711917,0.06033182503770739,0.05052790346907994
0.0,0.08830188679245284,0.08,0.2120754716981132,0.06113207547169811,0.22339622641509435,0.2090566037735849,0.06792452830188679,0.05811320754716981
0.0,0.06985573272589218,0.08048595292331055,0.19438116932422173,0.09111617312072894,0.21336370539104024,0.21336370539104024,0.08200455580865604,0.0554290053151101
0.0,0.08943716268311488,0.07864302235929067,0.18735543562066306,0.07710100231303008,0.20971472629144178,0.2259059367771781,0.07632999228989977,0.05551272166538165
0.0,0.08333333333333333,0.04933333333333333,0.16733333333333333,0.094,0.184,0.308,0.06866666666666667,0.04533333333333334
0.0,0.06860706860706861,0.0693000693000693,0.1774081774081774,0.08246708246708247,0.29175329175329173,0.21275121275121275,0.036729036729036726,0.060984060984060985
0.0,0.08604336043360433,0.0521680216802168,0.2865853658536585,0.06842818428184282,0.18224932249322492,0.1937669376693767,0.06571815718157181,0.06504065040650407
0.0,0.10615384615384615,0.06384615384615384,0.17692307692307693,0.09,0.20307692307692307,0.23692307692307693,0.07,0.05307692307692308
0.0,0.08560311284046693,0.07003891050583658,0.20933852140077822,0.06926070038910506,0.21634241245136188,0.2046692607003891,0.07626459143968872,0.06848249027237355
0.0,0.07036747458952307,0.08522283033620015,0.1892103205629398,0.10007818608287725,0.20484753713838938,0.2150117279124316,0.08209538702111024,0.053166536356528536
0.0,0.06662628709872805,0.2350090854027862,0.19321623258631132,0.06056935190793458,0.16353725015142337,0.16474863718958208,0.06783767413688674,0.04845548152634767
0.0,0.09610389610389611,0.053246753246753244,0.2305194805194805,0.1318181818181818,0.18506493506493507,0.18831168831168832,0.06688311688311688,0.048051948051948054
0.0,0.1141552511415525,0.07534246575342465,0.16210045662100456,0.13812785388127855,0.2191780821917808,0.09931506849315068,0.1917808219178082
0.0,0.08962739174219536,0.06143001007049345,0.21148036253776434,0.13192346424974824,0.23867069486404835,0.09969788519637462,0.16717019133937563
0.0,0.08859357696567,0.05204872646733112,0.1982281284606866,0.12403100775193798,0.25359911406423036,0.1184939091915836,0.16500553709856036
0.0,0.08137044967880086,0.058886509635974305,0.17130620985010706,0.14453961456102785,0.2430406852248394,0.10599571734475374,0.1948608137044968
0.0,0.09333333333333334,0.06181818181818182,0.17333333333333334,0.14666666666666667,0.23636363636363636,0.1006060606060606,0.18787878787878787
0.0,0.08342602892102335,0.07341490545050056,0.20800889877641823,0.13014460511679643,0.22135706340378197,0.09010011123470522,0.1935483870967742
0.0,0.08616504854368932,0.050970873786407765,0.20509708737864077,0.13228155339805825,0.25970873786407767,0.07766990291262135,0.18810679611650485
0.0,0.07380952380952381,0.058333333333333334,0.18333333333333332,0.1357142857142857,0.23333333333333334,0.1,0.2154761904761905
0.0,0.06534422403733955,0.060676779463243874,0.1971995332555426,0.14935822637106183,0.22870478413068845,0.11201866977829639,0.1866977829638273
0.0,0.09280742459396751,0.07540603248259861,0.17053364269141533,0.1345707656612529,0.2273781902552204,0.06844547563805105,0.2308584686774942
0.0,0.10761789600967352,0.049576783555018135,0.2067714631197098,0.10519951632406288,0.21281741233373638,0.13784764207980654,0.18016928657799275
0.0,0.06666666666666667,0.08587570621468926,0.1751412429378531,0.14915254237288136,0.22372881355932203,0.09491525423728814,0.2033898305084746
0.0,0.06971677559912855,0.11220043572984749,0.14161220043572983,0.1568627450980392,0.2113289760348584,0.1056644880174292,0.20261437908496732
0.0,0.06320541760722348,0.1038374717832957,0.172686230248307,0.16027088036117382,0.208803611738149,0.09932279909706546,0.19187358916478556
0.0,0.0897597977243995,0.07206068268015171,0.19469026548672566,0.13147914032869784,0.213653603034134,0.0897597977243995,0.20859671302149177
0.0,0.09488139825218476,0.062421972534332085,0.1797752808988764,0.14481897627965043,0.22971285892634208,0.12359550561797752,0.1647940074906367
