Hackerifyouwant6
13d42d1c5d7e8572806273919a400ba26c948c86dece3931644f36053b638929
0.0,0.0538971807628524,0.42786069651741293,0.08540630182421227,0.3407960199004975,0.09203980099502487
0.0,0.07667031763417305,0.44468784227820374,0.11391018619934283,0.26944140197152244,0.09529025191675794
0.0,0.05592105263157895,0.5219298245614035,0.08771929824561403,0.2543859649122807,0.0800438596491228
0.0,0.07988721804511278,0.3233082706766917,0.08740601503759399,0.42857142857142855,0.08082706766917293
0.0,0.1305732484076433,0.37261146496815284,0.11040339702760085,0.29830148619957536,0.0881104033970276
0.0,0.08244680851063829,0.44592198581560283,0.09131205673758866,0.3120567375886525,0.06826241134751773
0.0,0.2785247791010373,0.20630042258932002,0.16404149058778333,0.2116788321167883,0.13945447560507107
0.0,0.13771712158808933,0.37965260545905705,0.10421836228287841,0.25682382133995035,0.12034739454094293
0.0,0.08548707753479125,0.32703777335984097,0.09542743538767395,0.4135188866799205,0.07852882703777336
0.0,0.11676646706586827,0.344311377245509,0.1217564870259481,0.3063872255489022,0.11077844311377245
0.0,0.14343029087261785,0.2848545636910732,0.14343029087261785,0.3229689067201605,0.10531594784353059
0.0,0.10983763132760267,0.4297994269340974,0.10506208213944604,0.25501432664756446,0.10028653295128939
0.0,0.10008936550491511,0.26541554959785524,0.258266309204647,0.2806076854334227,0.09562109025915996
0.0,0.10548523206751055,0.3649789029535865,0.15928270042194093,0.2478902953586498,0.12236286919831224
0.0,0.14384349827387802,0.3222094361334868,0.13578826237054084,0.285385500575374,0.11277330264672036
0.0,0.10631229235880399,0.3687707641196013,0.132890365448505,0.27906976744186046,0.11295681063122924
0.0,0.12852664576802508,0.3322884012539185,0.12121212121212122,0.2894461859979101,0.12852664576802508
0.0,0.12985571587125416,0.3507214206437292,0.12541620421753608,0.28634850166481685,0.1076581576026637
0.0,0.12032710280373832,0.3644859813084112,0.10514018691588785,0.2932242990654206,0.11682242990654206
0.0,0.09316239316239316,0.29914529914529914,0.10683760683760683,0.4076923076923077,0.09316239316239316
0.0,0.1058139534883721,0.3674418604651163,0.12674418604651164,0.28604651162790695,0.11395348837209303
0.0,0.08333333333333333,0.25859106529209624,0.16323024054982818,0.2920962199312715,0.2027491408934708
0.0,0.10396570203644159,0.36977491961414793,0.13183279742765272,0.28510182207931406,0.10932475884244373
0.0,0.11386696730552424,0.4317925591882751,0.1104847801578354,0.2593010146561443,0.08455467869222097
0.0,0.06140350877192982,0.38693957115009747,0.003898635477582846,0.12183235867446393,0.3557504873294347,0.07017543859649122
0.0,0.08089887640449438,0.4067415730337079,0.09550561797752809,0.28651685393258425,0.1303370786516854
0.0,0.3165919282511211,0.07623318385650224,0.3004484304932735,0.04753363228699552,0.21973094170403587,0.039461883408071746
0.0,0.04723502304147465,0.4216589861751152,0.055299539170506916,0.39631336405529954,0.07949308755760369
0.0,0.08213096559378469,0.2974472807991121,0.1220865704772475,0.37180910099889014,0.12652608213096558
0.0,0.09472551130247578,0.39181916038751347,0.12701829924650163,0.2831001076426265,0.10333692142088267
0.0,0.1094257854821235,0.3261105092091008,0.13326110509209102,0.3055254604550379,0.1256771397616468
0.0,0.11751412429378531,0.3254237288135593,0.15254237288135594,0.27570621468926554,0.1288135593220339
0.0,0.11870503597122302,0.3369304556354916,0.15707434052757793,0.26258992805755393,0.12470023980815348
0.0,0.1232876712328767,0.3139269406392694,0.14383561643835616,0.3150684931506849,0.10388127853881278
0.0,0.08431085043988269,0.20234604105571846,0.0813782991202346,0.5439882697947214,0.001466275659824047,0.08651026392961877
0.0,0.08823529411764706,0.39647058823529413,0.13176470588235295,0.29058823529411765,0.09294117647058824
0.0,0.09211986681465038,0.35960044395116536,0.16759156492785793,0.2763596004439512,0.10432852386237514
0.0,0.11390887290167866,0.3489208633093525,0.1342925659472422,0.2961630695443645,0.10671462829736211
0.0,0.11610486891385768,0.3283395755305868,0.16354556803995007,0.2721598002496879,0.1198501872659176
0.0,0.12609238451935081,0.317103620474407,0.1560549313358302,0.2933832709113608,0.10736579275905118
0.0,0.142692750287687,0.33601841196777904,0.13693901035673187,0.2715765247410817,0.11277330264672036
0.0,0.1308641975308642,0.32839506172839505,0.1419753086419753,0.2962962962962963,0.10246913580246914
0.0,0.13600891861761427,0.28651059085841696,0.14046822742474915,0.29208472686733555,0.14492753623188406
0.0,0.11577752553916004,0.3654937570942111,0.11691259931895573,0.28944381384790013,0.11237230419977298
0.0,0.15375153751537515,0.3161131611316113,0.11439114391143912,0.2878228782287823,0.12792127921279212
0.0,0.17515274949083504,0.3380855397148676,0.11914460285132383,0.2535641547861507,0.11405295315682282
0.0,0.11672278338945005,0.3333333333333333,0.14814814814814814,0.2850729517396184,0.11672278338945005
0.0,0.1319052987598647,0.3201803833145434,0.1262683201803833,0.2919954904171364,0.12965050732807215
0.0,0.11839080459770115,0.31264367816091954,0.13218390804597702,0.2942528735632184,0.1425287356321839
0.0,0.1148105625717566,0.3547646383467279,0.1377726750861079,0.2939150401836969,0.09873708381171067
0.0,0.08974358974358974,0.3021978021978022,0.1978021978021978,0.25824175824175827,0.152014652014652
0.0,0.1435483870967742,0.25806451612903225,0.1693548387096774,0.24838709677419354,0.18064516129032257
0.0,0.16986706056129985,0.22008862629246675,0.2038404726735598,0.20531757754800592,0.20088626292466766
0.0,0.14245014245014245,0.24216524216524216,0.20085470085470086,0.22364672364672364,0.1908831908831909
0.0,0.1572700296735905,0.2433234421364985,0.20771513353115728,0.19287833827893175,0.19881305637982197
0.0,0.16640986132511557,0.22496147919876733,0.21879815100154082,0.20184899845916796,0.18798151001540833
0.0,0.1484992101105845,0.24328593996840442,0.1990521327014218,0.2211690363349131,0.18799368088467613
0.0,0.13858267716535433,0.25984251968503935,0.19055118110236222,0.22992125984251968,0.18110236220472442
0.0,0.1509433962264151,0.24528301886792453,0.19025157232704404,0.19654088050314467,0.2169811320754717
0.0,0.1722488038277512,0.2025518341307815,0.2551834130781499,0.15311004784688995,0.21690590111642744
0.0,0.1529968454258675,0.24290220820189273,0.19400630914826497,0.20504731861198738,0.20504731861198738
0.0,0.1775244299674267,0.21335504885993486,0.2182410423452769,0.2263843648208469,0.16449511400651465
0.0,0.17587209302325582,0.22093023255813954,0.22238372093023256,0.18313953488372092,0.19767441860465115
0.0,0.18111455108359134,0.21207430340557276,0.22445820433436534,0.16873065015479877,0.21362229102167182
0.0,0.1782477341389728,0.2039274924471299,0.23867069486404835,0.16767371601208458,0.21148036253776434
0.0,0.19969742813918306,0.1815431164901664,0.2481089258698941,0.1361573373676248,0.2344931921331316
0.0,0.1830601092896175,0.16256830601092895,0.21174863387978143,0.14617486338797814,0.296448087431694
0.0,0.13416536661466458,0.24180967238689546,0.20904836193447737,0.15600624024961,0.2589703588143526
0.0,0.138763197586727,0.23227752639517346,0.2187028657616893,0.2277526395173454,0.18250377073906485
