Kuruwa8
2afb5c2cbd67ce59a9a89b0adc501754a23333a2b08c2eecf94e7d62ba4bc8d1
0.0,0.05938242280285035,0.1543942992874109,0.19121140142517815,0.11520190023752969,0.21140142517814728,0.09738717339667459,0.171021377672209
0.0,0.06474820143884892,0.11270983213429256,0.19664268585131894,0.12350119904076738,0.23501199040767387,0.08393285371702638,0.18345323741007194
0.0,0.04988399071925754,0.16125290023201855,0.1531322505800464,0.08352668213457076,0.23897911832946636,0.10672853828306264,0.20649651972157773
0.0,0.04678362573099415,0.16842105263157894,0.2023391812865497,0.11578947368421053,0.24444444444444444,0.08187134502923976,0.14035087719298245
0.0,0.06192660550458716,0.14908256880733944,0.19839449541284404,0.10894495412844037,0.24311926605504589,0.08486238532110092,0.1536697247706422
0.0,0.05330243337195829,0.11471610660486674,0.20509849362688296,0.1100811123986095,0.20625724217844726,0.11703360370799537,0.19351100811123986
0.0,0.05200945626477541,0.1453900709219858,0.1867612293144208,0.16193853427895982,0.22340425531914893,0.0851063829787234,0.1453900709219858
0.0,0.0468384074941452,0.1557377049180328,0.17330210772833723,0.16978922716627634,0.21311475409836064,0.09718969555035128,0.14402810304449648
0.0,0.07420091324200913,0.12442922374429223,0.21232876712328766,0.1187214611872146,0.1952054794520548,0.12442922374429223,0.1506849315068493
0.0,0.06385404789053592,0.09692132269099202,0.22690992018244013,0.13568985176738882,0.2394526795895097,0.09920182440136831,0.1379703534777651
0.0,0.05984766050054407,0.13928182807399347,0.20565832426550598,0.14036996735582155,0.2219804134929271,0.06855277475516866,0.16430903155603918
0.0,0.0895170789163722,0.0989399293286219,0.2308598351001178,0.09658421672555949,0.21790341578327443,0.13427561837455831,0.13191990577149587
0.0,0.07447973713033954,0.12595837897042717,0.18619934282584885,0.11938663745892661,0.22343921139101863,0.0887185104052574,0.18181818181818182
0.0,0.08333333333333333,0.10069444444444445,0.21180555555555555,0.11574074074074074,0.24074074074074073,0.06481481481481481,0.18287037037037038
0.0,0.0630841121495327,0.1483644859813084,0.18925233644859812,0.14369158878504673,0.23014018691588786,0.07359813084112149,0.15186915887850466
0.0,0.06651884700665188,0.15077605321507762,0.19955654101995565,0.13414634146341464,0.2106430155210643,0.0975609756097561,0.14079822616407983
0.0,0.058419243986254296,0.1145475372279496,0.21076746849942726,0.11683848797250859,0.2520045819014891,0.08018327605956473,0.1672394043528064
0.0,0.048458149779735685,0.15198237885462554,0.19823788546255505,0.1420704845814978,0.21255506607929514,0.10242290748898679,0.14427312775330398
0.0,0.05157894736842105,0.1368421052631579,0.20526315789473684,0.14210526315789473,0.26210526315789473,0.07578947368421053,0.12631578947368421
0.0,0.07121057985757884,0.19837232960325535,0.19735503560528994,0.1190233977619532,0.2034587995930824,0.08850457782299084,0.12207527975584945
0.0,0.07032967032967033,0.12747252747252746,0.2164835164835165,0.10989010989010989,0.24615384615384617,0.09230769230769231,0.13736263736263737
0.0,0.05815279361459521,0.12428734321550741,0.2234891676168757,0.12200684150513112,0.24173318129988597,0.07411630558722919,0.15621436716077536
0.0,0.07570621468926554,0.08361581920903954,0.22259887005649717,0.1423728813559322,0.24180790960451978,0.08926553672316384,0.14463276836158193
0.0,0.04390243902439024,0.0983739837398374,0.36910569105691055,0.11219512195121951,0.19349593495934958,0.06097560975609756,0.12195121951219512
0.0,0.06992230854605994,0.09433962264150944,0.2008879023307436,0.13762486126526083,0.2253052164261931,0.07769145394006659,0.19422863485016648
0.0,0.05028462998102467,0.09867172675521822,0.22106261859582543,0.013282732447817837,0.45161290322580644,0.04079696394686907,0.12428842504743833
0.0,0.04157303370786517,0.17752808988764046,0.14831460674157304,0.1842696629213483,0.2157303370786517,0.0853932584269663,0.14719101123595504
0.0,0.06920415224913495,0.13379469434832755,0.1707035755478662,0.13610149942329874,0.2122260668973472,0.09919261822376009,0.1787773933102653
0.0,0.0665163472378805,0.14656144306651633,0.17023675310033823,0.1589627959413754,0.1882750845546787,0.13979706877113868,0.12965050732807215
0.0,0.06221719457013575,0.16063348416289594,0.1583710407239819,0.13687782805429866,0.23076923076923078,0.11312217194570136,0.13800904977375567
0.0,0.07701283547257877,0.13768961493582263,0.1691948658109685,0.15635939323220538,0.20536756126021002,0.10151691948658109,0.1528588098016336
0.0,0.06803455723542116,0.14794816414686826,0.17062634989200864,0.17494600431965443,0.19222462203023757,0.10475161987041037,0.14146868250539957
0.0,0.06138392857142857,0.13169642857142858,0.16852678571428573,0.18638392857142858,0.21875,0.10714285714285714,0.12611607142857142
0.0,0.03571428571428571,0.17522321428571427,0.17633928571428573,0.16517857142857142,0.22209821428571427,0.09486607142857142,0.13058035714285715
0.0,0.06519337016574586,0.1281767955801105,0.23867403314917127,0.12596685082872927,0.21878453038674034,0.07513812154696133,0.14806629834254142
0.0,0.044651162790697675,0.1283720930232558,0.16930232558139535,0.14883720930232558,0.25488372093023254,0.14046511627906977,0.11348837209302326
0.0,0.05402425578831312,0.13120176405733186,0.19845644983461963,0.1631753031973539,0.21940463065049615,0.11576626240352811,0.11797133406835722
0.0,0.06588735387885228,0.14240170031880978,0.1647183846971307,0.22210414452709884,0.1742826780021254,0.11689691817215728,0.11370882040382571
0.0,0.06896551724137931,0.13584117032392895,0.17972831765935215,0.19331243469174503,0.1974921630094044,0.08045977011494253,0.14420062695924765
0.0,0.05131128848346636,0.12770809578107184,0.18928164196123148,0.2120866590649943,0.18358038768529075,0.10718358038768529,0.12884834663625996
0.0,0.05281285878300804,0.1285878300803674,0.19402985074626866,0.22043628013777267,0.18714121699196326,0.11595866819747416,0.1010332950631458
0.0,0.05417118093174431,0.13217768147345613,0.18743228602383533,0.20043336944745396,0.20801733477789816,0.09967497291440953,0.1180931744312026
0.0,0.0689252336448598,0.1308411214953271,0.17757009345794392,0.21728971962616822,0.16822429906542055,0.10864485981308411,0.12850467289719625
0.0,0.07765830346475508,0.11469534050179211,0.16845878136200718,0.1816009557945042,0.22102747909199522,0.11469534050179211,0.12186379928315412
0.0,0.05917159763313609,0.1242603550295858,0.15621301775147928,0.22485207100591717,0.17041420118343195,0.1349112426035503,0.1301775147928994
0.0,0.06791569086651054,0.1358313817330211,0.1756440281030445,0.19086651053864168,0.16627634660421545,0.12060889929742388,0.14285714285714285
0.0,0.07260726072607261,0.1254125412541254,0.19581958195819582,0.1485148514851485,0.22112211221122113,0.11551155115511551,0.12101210121012101
0.0,0.04262672811059908,0.14631336405529954,0.16820276497695852,0.21658986175115208,0.1728110599078341,0.1152073732718894,0.1382488479262673
0.0,0.039603960396039604,0.18041804180418042,0.13091309130913092,0.2145214521452145,0.1782178217821782,0.1078107810781078,0.1485148514851485
0.0,0.036076662908680945,0.14768883878241262,0.18151071025930102,0.20631341600901917,0.1939120631341601,0.10372040586245772,0.13077790304396844
0.0,0.04788418708240535,0.1447661469933185,0.18596881959910913,0.20378619153674832,0.18596881959910913,0.07349665924276169,0.15812917594654788
0.0,0.048554913294797684,0.15722543352601157,0.14566473988439307,0.20115606936416186,0.21040462427745665,0.10635838150289018,0.130635838150289
0.0,0.04823151125401929,0.1832797427652733,0.16184351554126475,0.18542336548767416,0.17792068595927116,0.08788853161843516,0.15541264737406216
0.0,0.04315659679408138,0.14796547472256474,0.17016029593094945,0.17139334155363747,0.2096177558569667,0.10727496917385944,0.1504315659679408
0.0,0.05668449197860963,0.17433155080213902,0.1839572192513369,0.18609625668449198,0.18288770053475936,0.11764705882352941,0.09839572192513368
0.0,0.044585987261146494,0.1740976645435244,0.1602972399150743,0.14225053078556263,0.23354564755838642,0.1316348195329087,0.11358811040339703
0.0,0.052980132450331126,0.15783664459161148,0.15673289183222958,0.2152317880794702,0.17439293598233996,0.12251655629139073,0.12030905077262694
0.0,0.056016597510373446,0.14937759336099585,0.21058091286307054,0.16597510373443983,0.18672199170124482,0.10477178423236515,0.12655601659751037
0.0,0.0603448275862069,0.13469827586206898,0.18426724137931033,0.19181034482758622,0.1788793103448276,0.12823275862068967,0.12176724137931035
0.0,0.054505005561735265,0.1457174638487208,0.22024471635150167,0.16907675194660735,0.19911012235817574,0.10233592880978866,0.10901001112347053
0.0,0.06586169045005488,0.13391877058177826,0.1756311745334797,0.19319429198682767,0.1734357848518112,0.10208562019758508,0.15587266739846323
0.0,0.052222222222222225,0.13,0.2,0.19666666666666666,0.2,0.09777777777777778,0.12333333333333334
0.0,0.060473269062226116,0.11130587204206836,0.14285714285714285,0.20683610867659946,0.2085889570552147,0.11919368974583698,0.15074496056091147
