Kuruwa12
a403c2095df466e9f4592b521e3dff4877fa4b0a574c50cc45652ec44a77d434
0.0,0.07091633466135458,0.04063745019920319,0.05099601593625498,0.16334661354581673,0.05338645418326693,0.100398406374502,0.13227091633466134,0.09641434262948208,0.15776892430278885,0.07808764940239044,0.055776892430278883
0.0,0.04801829268292683,0.041158536585365856,0.054115853658536585,0.18597560975609756,0.05030487804878049,0.09222560975609756,0.11661585365853659,0.08917682926829268,0.17759146341463414,0.08079268292682927,0.06402439024390244
0.0,0.04742096505823627,0.05740432612312812,0.042429284525790346,0.1605657237936772,0.039101497504159734,0.11564059900166389,0.13643926788685523,0.10066555740432612,0.16638935108153077,0.08569051580698835,0.048252911813643926
0.0,0.04403048264182896,0.04657070279424217,0.06689246401354784,0.1651143099068586,0.05165114309906858,0.10245554614733277,0.12447078746824725,0.10160880609652836,0.1718882303132938,0.09822184589331075,0.027095681625740897
0.0,0.0620891161431702,0.04821037253469686,0.08546384222059898,0.17165814463111762,0.0606281957633309,0.07523739956172389,0.1446311176040906,0.08692476260043827,0.14828341855368882,0.0591672753834916,0.0577063550036523
0.0,0.05205278592375367,0.0469208211143695,0.07844574780058651,0.14076246334310852,0.06158357771260997,0.08577712609970674,0.1744868035190616,0.11290322580645161,0.156158357771261,0.05571847507331378,0.03519061583577713
0.0,0.040627227369921595,0.03848895224518888,0.03278688524590164,0.1646471846044191,0.08125445473984319,0.06200997861724875,0.2694226657163222,0.09194583036350677,0.14468995010691377,0.05131860299358518,0.022808267997148968
0.0,0.044141252006420544,0.052969502407704656,0.06260032102728733,0.16934189406099517,0.021669341894060994,0.13001605136436598,0.14125200642054575,0.09550561797752809,0.17576243980738362,0.06260032102728733,0.044141252006420544
0.0,0.036231884057971016,0.0571658615136876,0.061191626409017714,0.15942028985507245,0.061191626409017714,0.09420289855072464,0.1473429951690821,0.10466988727858294,0.15861513687600645,0.05877616747181964,0.061191626409017714
0.0,0.06656912948061448,0.02852962692026335,0.07827359180687637,0.16020482809070957,0.05193855157278712,0.09875640087783467,0.14996342355523043,0.10680321872713973,0.1433796634967081,0.06730065837600585,0.048280907095830286
0.0,0.044444444444444446,0.03295019157088123,0.06590038314176246,0.16934865900383142,0.04674329501915709,0.10344827586206896,0.15862068965517243,0.1103448275862069,0.15095785440613027,0.07126436781609195,0.04597701149425287
0.0,0.038011695906432746,0.038011695906432746,0.07456140350877193,0.1652046783625731,0.06652046783625731,0.0891812865497076,0.14912280701754385,0.1067251461988304,0.15423976608187134,0.07456140350877193,0.043859649122807015
0.0,0.03194650817236255,0.04086181277860327,0.06835066864784546,0.14561664190193166,0.03417533432392273,0.12407132243684993,0.15527488855869243,0.1263001485884101,0.16196136701337296,0.07057949479940565,0.04086181277860327
0.0,0.0452418096723869,0.0390015600624025,0.06474258970358815,0.15756630265210608,0.062402496099843996,0.08892355694227769,0.15132605304212168,0.12870514820592824,0.14040561622464898,0.08580343213728549,0.0358814352574103
0.0,0.02564102564102564,0.04326923076923077,0.06891025641025642,0.15865384615384615,0.055288461538461536,0.10176282051282051,0.14342948717948717,0.12179487179487179,0.1658653846153846,0.07451923076923077,0.040865384615384616
0.0,0.04472843450479233,0.039936102236421724,0.06230031948881789,0.14616613418530353,0.052715654952076675,0.10942492012779553,0.14217252396166133,0.11741214057507987,0.14456869009584664,0.08865814696485623,0.051916932907348244
0.0,0.04225352112676056,0.04381846635367762,0.06651017214397496,0.14475743348982786,0.0594679186228482,0.09624413145539906,0.15884194053208137,0.12284820031298904,0.1431924882629108,0.07511737089201878,0.046948356807511735
0.0,0.03761755485893417,0.03918495297805643,0.06583072100313479,0.16927899686520376,0.04623824451410658,0.09639498432601881,0.15517241379310345,0.11912225705329153,0.1481191222570533,0.07993730407523511,0.04310344827586207
0.0,0.029029793735676088,0.053475935828877004,0.05500381970970206,0.1657754010695187,0.09014514896867838,0.06722689075630252,0.1650114591291062,0.12605042016806722,0.14820473644003057,0.06493506493506493,0.03514132925897632
0.0,0.023083264633140973,0.04286892003297609,0.07831821929101401,0.15910964550700743,0.04534212695795548,0.11294311624072548,0.13355317394888705,0.13355317394888705,0.15416323165704865,0.06430338004946413,0.05276174773289365
0.0,0.040749796251018745,0.03830480847595762,0.06356968215158924,0.16462917685411574,0.07253463732681337,0.08475957620211899,0.16055419722901385,0.1165444172779136,0.15077424612876936,0.07497962510187449,0.032599837000814993
0.0,0.03929430633520449,0.038492381716118684,0.06094627105052125,0.17000801924619086,0.03929430633520449,0.12510024057738572,0.15236567762630313,0.11708099438652766,0.15156375300721733,0.06655974338412189,0.03929430633520449
0.0,0.01823949246629659,0.06106264869151467,0.07930214115781126,0.1387787470261697,0.056304520222045996,0.12212529738302934,0.1387787470261697,0.11736716891356067,0.15463917525773196,0.07295796986518636,0.040444091990483745
0.0,0.01809598741148702,0.05114083398898505,0.07081038552321008,0.15263571990558616,0.03933910306845004,0.11172305271439811,0.16679779701022818,0.12431156569630213,0.17545239968528717,0.05979543666404406,0.02989771833202203
0.0,0.04336734693877551,0.04421768707482993,0.06717687074829932,0.1564625850340136,0.02806122448979592,0.11394557823129252,0.1564625850340136,0.1096938775510204,0.1598639455782313,0.05697278911564626,0.06377551020408163
0.0,0.02931323283082077,0.051926298157453935,0.06532663316582915,0.1490787269681742,0.05443886097152429,0.10636515912897822,0.14991624790619765,0.12144053601340034,0.14991624790619765,0.07705192629815745,0.04522613065326633
0.0,0.029605263157894735,0.06085526315789474,0.05674342105263158,0.14802631578947367,0.05098684210526316,0.08717105263157894,0.15460526315789475,0.13075657894736842,0.16036184210526316,0.07730263157894737,0.04358552631578947
0.0,0.03156146179401993,0.05647840531561462,0.049003322259136214,0.1536544850498339,0.06478405315614617,0.08637873754152824,0.1611295681063123,0.10714285714285714,0.16279069767441862,0.06478405315614617,0.06229235880398671
0.0,0.0505804311774461,0.0439469320066335,0.04643449419568822,0.15920398009950248,0.0538971807628524,0.10033167495854063,0.16003316749585406,0.11028192371475953,0.14759535655058043,0.07711442786069651,0.0505804311774461
0.0,0.059880239520958084,0.04565868263473054,0.04416167664670659,0.2125748502994012,0.03143712574850299,0.125,0.12350299401197605,0.1062874251497006,0.14221556886227546,0.05464071856287425,0.05464071856287425
0.0,0.03931203931203931,0.04914004914004914,0.05241605241605242,0.1457821457821458,0.08108108108108109,0.08435708435708436,0.15642915642915642,0.11875511875511875,0.1466011466011466,0.07780507780507781,0.04832104832104832
0.0,0.04560260586319218,0.04478827361563518,0.06026058631921824,0.15553745928338764,0.03175895765472313,0.11482084690553745,0.14006514657980457,0.12133550488599348,0.15879478827361562,0.06758957654723127,0.059446254071661236
0.0,0.05606694560669456,0.03096234309623431,0.05188284518828452,0.1598326359832636,0.05439330543933055,0.11213389121338913,0.13723849372384936,0.1205020920502092,0.1414225941422594,0.08200836820083682,0.05355648535564853
0.0,0.02787162162162162,0.05067567567567568,0.06503378378378379,0.14442567567567569,0.06587837837837837,0.0945945945945946,0.1545608108108108,0.12246621621621621,0.1579391891891892,0.057432432432432436,0.05912162162162162
0.0,0.043037974683544304,0.04219409282700422,0.056540084388185655,0.14936708860759493,0.059915611814345994,0.09620253164556962,0.16540084388185655,0.11476793248945148,0.15949367088607594,0.0759493670886076,0.03713080168776371
0.0,0.03616484440706476,0.044575273338940284,0.06307821698906645,0.15222876366694701,0.0496215306980656,0.10176619007569386,0.16063919259882253,0.12026913372582002,0.15559293523969722,0.056349873843566024,0.05971404541631623
0.0,0.05121951219512195,0.04390243902439024,0.036585365853658534,0.15772357723577235,0.05203252032520325,0.0983739837398374,0.16341463414634147,0.11869918699186992,0.15853658536585366,0.07154471544715447,0.04796747967479675
0.0,0.0398749022673964,0.0508209538702111,0.03831118060985145,0.13917122752150118,0.053166536356528536,0.0946051602814699,0.14464425332290853,0.11884284597341674,0.18451915559030493,0.0766223612197029,0.05942142298670837
0.0,0.05263157894736842,0.03508771929824561,0.05847953216374269,0.14703425229741018,0.03258145363408521,0.12531328320802004,0.15538847117794485,0.12364243943191311,0.17042606516290726,0.05680868838763575,0.042606516290726815
0.0,0.045757071547420966,0.036605657237936774,0.054076539101497505,0.15307820299500832,0.0632279534109817,0.09068219633943428,0.15973377703826955,0.12063227953410982,0.15391014975041598,0.07154742096505824,0.050748752079866885
0.0,0.03897180762852405,0.04892205638474295,0.05140961857379768,0.15920398009950248,0.03731343283582089,0.1077943615257048,0.16417910447761194,0.12271973466003316,0.14344941956882257,0.07711442786069651,0.04892205638474295
0.0,0.0380794701986755,0.04718543046357616,0.060430463576158944,0.1456953642384106,0.058774834437086095,0.09519867549668874,0.15480132450331127,0.13493377483443708,0.152317880794702,0.07119205298013245,0.041390728476821195
0.0,0.04882154882154882,0.04208754208754209,0.0563973063973064,0.15235690235690236,0.047979797979797977,0.1111111111111111,0.14393939393939395,0.14225589225589225,0.14983164983164984,0.05555555555555555,0.049663299663299666
0.0,0.02764612954186414,0.052132701421800945,0.05687203791469194,0.14454976303317535,0.06477093206951026,0.08214849921011058,0.15323854660347552,0.13270142180094788,0.174565560821485,0.06240126382306477,0.04897314375987362
0.0,0.044309296264118156,0.045178105994787145,0.051259774109470024,0.15030408340573415,0.043440486533449174,0.0999131190269331,0.158992180712424,0.10686359687228497,0.1520417028670721,0.10860121633362294,0.03909643788010426
0.0,0.06775300171526587,0.032590051457975985,0.05317324185248713,0.14408233276157806,0.05060034305317324,0.09862778730703259,0.15866209262435677,0.120926243567753,0.16380789022298456,0.06260720411663807,0.04716981132075472
0.0,0.07841483979763912,0.03962900505902192,0.045531197301854974,0.1627318718381113,0.03794266441821248,0.10539629005059022,0.1475548060708263,0.11973018549747048,0.15345699831365936,0.07251264755480608,0.03709949409780776
0.0,0.038834951456310676,0.05030891438658429,0.05207413945278023,0.17122683142100617,0.0617828773168579,0.08914386584289496,0.17299205648720212,0.11297440423654016,0.1500441306266549,0.05736981465136805,0.04324801412180053
0.0,0.0720949957591179,0.037319762510602206,0.04749787955894826,0.15691263782866835,0.061068702290076333,0.08736217133163698,0.1645462256149279,0.11365564037319763,0.15351993214588636,0.05937234944868533,0.04664970313825276
0.0,0.06377551020408163,0.026360544217687076,0.05952380952380952,0.16156462585034015,0.017857142857142856,0.13520408163265307,0.15476190476190477,0.11989795918367346,0.15476190476190477,0.06462585034013606,0.041666666666666664
0.0,0.05603448275862069,0.039655172413793106,0.059482758620689656,0.14396551724137932,0.04827586206896552,0.11896551724137931,0.15,0.11379310344827587,0.15948275862068967,0.059482758620689656,0.05086206896551724
0.0,0.04194630872483222,0.044463087248322146,0.057885906040268456,0.16526845637583892,0.04530201342281879,0.10738255033557047,0.1476510067114094,0.11661073825503356,0.16359060402684564,0.05285234899328859,0.05704697986577181
0.0,0.04526046114432109,0.04099060631938514,0.06490179333902647,0.1596925704526046,0.05209222886421862,0.10333048676345004,0.15542271562766866,0.12980358667805295,0.1511528608027327,0.05294619982920581,0.0444064901793339
0.0,0.03690036900369004,0.05239852398523985,0.08044280442804429,0.16900369003690036,0.057564575645756455,0.11512915129151291,0.10405904059040591,0.1070110701107011,0.18302583025830257,0.035424354243542434,0.05904059040590406
0.0,0.04930046635576282,0.0519653564290473,0.03397734843437708,0.14457028647568287,0.061958694203864094,0.1245836109260493,0.1492338441039307,0.11992005329780146,0.1558960692871419,0.072618254497002,0.03597601598934044
0.0,0.06198723792160438,0.059252506836827715,0.08021877848678213,0.16226071103008205,0.061075660893345485,0.12853236098450319,0.11394712853236098,0.06289881494986327,0.15223336371923427,0.06289881494986327,0.054694621695533276
