Kuruwa6
13d42d1c5d7e8572806273919a400ba26c948c86dece3931644f36053b638929
0.0,0.1253993610223642,0.22044728434504793,0.09824281150159744,0.4744408945686901,0.08146964856230032
0.0,0.12007874015748031,0.4498031496062992,0.11811023622047244,0.2283464566929134,0.08366141732283465
0.0,0.14732724902216426,0.19035202086049544,0.16558018252933507,0.363754889178618,0.13298565840938723
0.0,0.16642547033285093,0.19826338639652677,0.21852387843704776,0.2199710564399421,0.19681620839363242
0.0,0.18262150220913106,0.17673048600883653,0.24447717231222385,0.19440353460972018,0.20176730486008837
0.0,0.1373134328358209,0.2537313432835821,0.20298507462686566,0.2,0.20597014925373133
0.0,0.17220543806646527,0.21299093655589124,0.2039274924471299,0.21450151057401812,0.19637462235649547
0.0,0.1497659906396256,0.2059282371294852,0.2121684867394696,0.24648985959438377,0.1856474258970359
0.0,0.15968992248062017,0.2124031007751938,0.20155038759689922,0.21705426356589147,0.20930232558139536
0.0,0.18263473053892215,0.22305389221556887,0.19910179640718562,0.23203592814371257,0.1631736526946108
0.0,0.15789473684210525,0.2075187969924812,0.23308270676691728,0.20150375939849624,0.2
0.0,0.17732558139534885,0.19912790697674418,0.17587209302325582,0.25872093023255816,0.18895348837209303
0.0,0.16539050535987748,0.2113323124042879,0.21439509954058192,0.2113323124042879,0.19754977029096477
0.0,0.14705882352941177,0.25882352941176473,0.22058823529411764,0.18970588235294117,0.18382352941176472
0.0,0.1572700296735905,0.24183976261127596,0.18694362017804153,0.22997032640949555,0.18397626112759644
0.0,0.12388059701492538,0.24477611940298508,0.21194029850746268,0.2,0.21940298507462686
0.0,0.17296511627906977,0.19767441860465115,0.23837209302325582,0.1875,0.20348837209302326
0.0,0.1581196581196581,0.1794871794871795,0.25071225071225073,0.1908831908831909,0.2207977207977208
0.0,0.17196531791907516,0.2023121387283237,0.2023121387283237,0.2023121387283237,0.22109826589595374
0.0,0.19013062409288825,0.19158200290275762,0.23367198838896952,0.18432510885341075,0.20029027576197386
0.0,0.17715959004392387,0.191800878477306,0.23718887262079064,0.22547584187408493,0.1683748169838946
0.0,0.17705382436260622,0.17705382436260622,0.23229461756373937,0.22521246458923513,0.18838526912181303
0.0,0.1797752808988764,0.20646067415730338,0.20646067415730338,0.21348314606741572,0.19382022471910113
0.0,0.14526588845654995,0.17509727626459143,0.25810635538262,0.1893644617380026,0.23216601815823606
0.0,0.19313304721030042,0.17310443490701002,0.21602288984263232,0.1888412017167382,0.22889842632331903
0.0,0.1875,0.19021739130434784,0.23641304347826086,0.17255434782608695,0.21331521739130435
0.0,0.14423076923076922,0.2129120879120879,0.23626373626373626,0.15796703296703296,0.24862637362637363
0.0,0.14545454545454545,0.20279720279720279,0.23076923076923078,0.20279720279720279,0.21818181818181817
0.0,0.174496644295302,0.17986577181208055,0.23087248322147652,0.19463087248322147,0.22013422818791947
0.0,0.1576923076923077,0.18974358974358974,0.26794871794871794,0.08076923076923077,0.3038461538461538
0.0,0.14733969986357434,0.17735334242837653,0.25375170532060026,0.1855388813096862,0.23601637107776263
0.0,0.1802403204272363,0.15620827770360482,0.253671562082777,0.1802403204272363,0.22963951935914553
0.0,0.1781609195402299,0.20545977011494254,0.21551724137931033,0.20833333333333334,0.1925287356321839
0.0,0.18406593406593408,0.17582417582417584,0.23901098901098902,0.1771978021978022,0.2239010989010989
0.0,0.17261055634807418,0.18972895863052783,0.2253922967189729,0.19971469329529243,0.21255349500713266
0.0,0.1717877094972067,0.1829608938547486,0.21508379888268156,0.20670391061452514,0.22346368715083798
0.0,0.17925925925925926,0.17629629629629628,0.21185185185185185,0.22962962962962963,0.20296296296296296
0.0,0.17524339360222532,0.16411682892906815,0.24061196105702365,0.17941585535465926,0.24061196105702365
0.0,0.1701492537313433,0.17164179104477612,0.26865671641791045,0.1373134328358209,0.25223880597014925
0.0,0.17256637168141592,0.13716814159292035,0.2669616519174041,0.19321533923303835,0.23008849557522124
0.0,0.1691616766467066,0.18263473053892215,0.25,0.20359281437125748,0.19461077844311378
0.0,0.19047619047619047,0.12797619047619047,0.24702380952380953,0.21577380952380953,0.21875
0.0,0.16759002770083103,0.17590027700831026,0.2299168975069252,0.20637119113573407,0.22022160664819945
0.0,0.14246947082767977,0.18724559023066487,0.16010854816824965,0.3677069199457259,0.14246947082767977
0.0,0.1330977620730271,0.3380447585394582,0.1625441696113074,0.22732626619552415,0.13898704358068315
0.0,0.11373092926490985,0.332871012482663,0.1317614424410541,0.2815533980582524,0.14008321775312066
0.0,0.12481203007518797,0.23007518796992482,0.17593984962406015,0.3233082706766917,0.14586466165413534
0.0,0.09002770083102493,0.26038781163434904,0.1634349030470914,0.32132963988919666,0.16481994459833796
0.0,0.1582089552238806,0.16865671641791044,0.2462686567164179,0.2626865671641791,0.16417910447761194
0.0,0.12912087912087913,0.19642857142857142,0.27197802197802196,0.21703296703296704,0.18543956043956045
0.0,0.11521418020679468,0.2274741506646972,0.26440177252584934,0.20827178729689808,0.18463810930576072
0.0,0.18840579710144928,0.2028985507246377,0.2289855072463768,0.17971014492753623,0.2
0.0,0.14912280701754385,0.17543859649122806,0.17919799498746866,0.2756892230576441,0.22055137844611528
0.0,0.15283842794759825,0.23435225618631733,0.22998544395924309,0.18340611353711792,0.19941775836972345
0.0,0.06976744186046512,0.18914728682170542,0.2527131782945736,0.40852713178294575,0.07984496124031008
0.0,0.152,0.16533333333333333,0.22,0.176,0.2866666666666667
0.0,0.15047879616963064,0.17236662106703146,0.26265389876880985,0.16415868673050615,0.2503419972640219
0.0,0.1981981981981982,0.18618618618618618,0.2222222222222222,0.16666666666666666,0.22672672672672672
0.0,0.17201166180758018,0.16034985422740525,0.22448979591836735,0.23760932944606414,0.2055393586005831
0.0,0.1767515923566879,0.1592356687898089,0.2229299363057325,0.21178343949044587,0.22929936305732485
0.0,0.18133333333333335,0.14666666666666667,0.24133333333333334,0.22533333333333333,0.20533333333333334
0.0,0.16228748068006182,0.1777434312210201,0.25193199381761977,0.17156105100463678,0.23647604327666152
0.0,0.17981072555205047,0.17823343848580442,0.25236593059936907,0.18769716088328076,0.20189274447949526
0.0,0.13675213675213677,0.2150997150997151,0.18803418803418803,0.24786324786324787,0.21225071225071226
0.0,0.1499330655957162,0.20615796519410978,0.26238286479250333,0.14859437751004015,0.23293172690763053
0.0,0.12298682284040996,0.17862371888726208,0.20644216691068815,0.2664714494875549,0.22547584187408493
0.0,0.12962962962962962,0.19444444444444445,0.23412698412698413,0.12962962962962962,0.31216931216931215
0.0,0.12837837837837837,0.0945945945945946,0.5422297297297297,0.11824324324324324,0.11655405405405406
0.0,0.17478991596638654,0.12773109243697478,0.27058823529411763,0.1815126050420168,0.2453781512605042
0.0,0.15384615384615385,0.16272189349112426,0.3106508875739645,0.17011834319526628,0.20266272189349113
0.0,0.17638483965014579,0.2230320699708455,0.19533527696793002,0.19387755102040816,0.21137026239067055
0.0,0.15606936416184972,0.16040462427745664,0.23554913294797689,0.23410404624277456,0.2138728323699422
0.0,0.19680851063829788,0.1356382978723404,0.324468085106383,0.11037234042553191,0.2327127659574468
0.0,0.1199421965317919,0.1994219653179191,0.2615606936416185,0.1936416184971098,0.2254335260115607
0.0,0.1383737517831669,0.20399429386590584,0.19258202567760344,0.21398002853067047,0.25106990014265335
0.0,0.17672413793103448,0.15660919540229884,0.22413793103448276,0.20545977011494254,0.23706896551724138
0.0,0.15584415584415584,0.22477522477522477,0.20279720279720279,0.25274725274725274,0.16383616383616384
