Kuruwa10
6e57cb38ced6b16ac5d9d881fb68fc940e3df0c0036d8418b1d12ab3bd800533
0.0,0.03571428571428571,0.13392857142857142,0.17261904761904762,0.018849206349206348,0.1626984126984127,0.17261904761904762,0.0873015873015873,0.11904761904761904,0.09722222222222222
0.0,0.050682261208576995,0.08869395711500974,0.18421052631578946,0.04873294346978557,0.13157894736842105,0.1608187134502924,0.0769980506822612,0.12183235867446393,0.1364522417153996
0.0,0.045933014354066985,0.08708133971291866,0.18947368421052632,0.03349282296650718,0.14641148325358852,0.15502392344497606,0.07177033492822966,0.13588516746411483,0.13492822966507176
0.0,0.049494949494949494,0.09494949494949495,0.17777777777777778,0.048484848484848485,0.12626262626262627,0.17373737373737375,0.06363636363636363,0.13535353535353536,0.1303030303030303
0.0,0.0665380906460945,0.1051108968177435,0.1880424300867888,0.05303760848601736,0.1359691417550627,0.15911282545805208,0.07907425265188042,0.10607521697203472,0.10703953712632594
0.0,0.02702702702702703,0.10810810810810811,0.17255717255717257,0.02182952182952183,0.16735966735966737,0.17983367983367984,0.07588357588357589,0.13617463617463618,0.11122661122661123
0.0,0.02634245187436677,0.11651469098277609,0.1773049645390071,0.06585612968591692,0.1347517730496454,0.16210739614994935,0.07700101317122594,0.1276595744680851,0.11246200607902736
0.0,0.034872761545711596,0.09707822808671066,0.16870876531573986,0.07257304429783223,0.11310084825636192,0.15928369462770972,0.08953817153628653,0.1055607917059378,0.15928369462770972
0.0,0.03496503496503497,0.11288711288711288,0.18281718281718282,0.055944055944055944,0.13286713286713286,0.16083916083916083,0.0979020979020979,0.10589410589410589,0.11588411588411589
0.0,0.03464419475655431,0.08614232209737828,0.1601123595505618,0.06367041198501873,0.12734082397003746,0.15823970037453183,0.0852059925093633,0.10580524344569288,0.17883895131086142
0.0,0.036101083032490974,0.11823104693140794,0.16606498194945848,0.08483754512635379,0.09115523465703972,0.15974729241877256,0.09657039711191336,0.0740072202166065,0.17328519855595667
0.0,0.03581526861451461,0.08199811498586239,0.16682375117813383,0.06503298774740811,0.117813383600377,0.16116870876531575,0.09896324222431668,0.09802073515551367,0.17436380772855797
0.0,0.04181818181818182,0.08363636363636363,0.16090909090909092,0.07909090909090909,0.10818181818181818,0.16363636363636364,0.09636363636363636,0.10545454545454545,0.16090909090909092
0.0,0.036203522504892366,0.10371819960861056,0.16536203522504891,0.040117416829745595,0.14383561643835616,0.1506849315068493,0.09295499021526418,0.09980430528375733,0.16731898238747553
0.0,0.0297951582867784,0.10707635009310987,0.16201117318435754,0.05772811918063315,0.12290502793296089,0.15456238361266295,0.09497206703910614,0.09404096834264432,0.17690875232774675
0.0,0.025998142989786442,0.09749303621169916,0.18477251624883936,0.05478180129990715,0.116991643454039,0.15598885793871867,0.09935004642525534,0.09285051067780872,0.17177344475394615
0.0,0.0449438202247191,0.06928838951310862,0.1900749063670412,0.07303370786516854,0.10861423220973783,0.15823970037453183,0.08707865168539326,0.09925093632958802,0.1694756554307116
0.0,0.04046242774566474,0.0953757225433526,0.1811175337186898,0.06358381502890173,0.11560693641618497,0.17726396917148363,0.09730250481695568,0.08574181117533719,0.14354527938342967
0.0,0.02930056710775047,0.09357277882797732,0.15879017013232513,0.08128544423440454,0.10586011342155009,0.17013232514177692,0.08412098298676748,0.10396975425330812,0.17296786389413987
0.0,0.03024747937671861,0.10265811182401467,0.18790100824931255,0.027497708524289642,0.153987167736022,0.15123739688359303,0.09532538955087076,0.08799266727772685,0.16315307057745188
0.0,0.03592814371257485,0.09181636726546906,0.17365269461077845,0.0658682634730539,0.12674650698602793,0.14870259481037923,0.09880239520958084,0.10379241516966067,0.15469061876247506
0.0,0.033739456419868794,0.08997188378631678,0.1836925960637301,0.056232427366447985,0.12089971883786317,0.17057169634489222,0.09184629803186505,0.1021555763823805,0.15089034676663543
0.0,0.03598971722365039,0.08740359897172237,0.16452442159383032,0.055698371893744644,0.11396743787489289,0.16195372750642673,0.08140531276778064,0.09254498714652956,0.20651242502142245
0.0,0.03567787971457696,0.09174311926605505,0.18654434250764526,0.03669724770642202,0.1651376146788991,0.16615698267074414,0.09480122324159021,0.0998980632008155,0.12334352701325178
0.0,0.035305343511450385,0.10877862595419847,0.18893129770992367,0.04866412213740458,0.1316793893129771,0.16603053435114504,0.07347328244274809,0.12118320610687022,0.12595419847328243
0.0,0.03515625,0.109375,0.17578125,0.0546875,0.1328125,0.1640625,0.07421875,0.1318359375,0.1220703125
0.0,0.04042348411934552,0.09720885466794996,0.17324350336862368,0.07603464870067372,0.12030798845043311,0.17901828681424448,0.0904716073147257,0.0904716073147257,0.13282001924927817
0.0,0.05987488829311886,0.07864164432529044,0.17158176943699732,0.07149240393208221,0.1126005361930295,0.17962466487935658,0.08757819481680071,0.08579088471849866,0.15281501340482573
0.0,0.020618556701030927,0.08247422680412371,0.15939730372720062,0.052339413164155434,0.1070578905630452,0.15543219666931007,0.07057890563045202,0.1697065820777161,0.1823949246629659
0.0,0.03273809523809524,0.1111111111111111,0.1636904761904762,0.05257936507936508,0.12896825396825398,0.16865079365079366,0.07738095238095238,0.1111111111111111,0.15376984126984128
0.0,0.022840119165839126,0.09831181727904667,0.17874875868917578,0.06156901688182721,0.1211519364448858,0.15690168818272096,0.10427010923535253,0.08639523336643495,0.16981132075471697
0.0,0.025936599423631124,0.12103746397694524,0.17098943323727187,0.06724303554274735,0.10854947166186359,0.16810758885686838,0.09317963496637849,0.09125840537944284,0.15369836695485112
0.0,0.04507042253521127,0.08826291079812207,0.1727699530516432,0.06291079812206572,0.1136150234741784,0.17652582159624414,0.09389671361502347,0.08262910798122065,0.1643192488262911
0.0,0.046442687747035576,0.11067193675889328,0.1808300395256917,0.02865612648221344,0.1492094861660079,0.16798418972332016,0.041501976284584984,0.15019762845849802,0.12450592885375494
0.0,0.033367037411526794,0.09504550050556117,0.15874620829120323,0.07987866531850354,0.10616784630940344,0.16683518705763398,0.0839231547017189,0.11526794742163801,0.16076845298281092
0.0,0.03495145631067961,0.08640776699029126,0.18640776699029127,0.070873786407767,0.10388349514563107,0.1524271844660194,0.10388349514563107,0.0825242718446602,0.1786407766990291
0.0,0.04008016032064128,0.07414829659318638,0.19238476953907815,0.06412825651302605,0.11222444889779559,0.16132264529058116,0.09118236472945891,0.10320641282565131,0.16132264529058116
0.0,0.046012269938650305,0.09713701431492842,0.17484662576687116,0.05725971370143149,0.12065439672801637,0.16257668711656442,0.07566462167689161,0.11247443762781185,0.15337423312883436
0.0,0.04158215010141988,0.07505070993914807,0.1896551724137931,0.059837728194726165,0.11257606490872211,0.17647058823529413,0.04056795131845842,0.1663286004056795,0.13793103448275862
0.0,0.034447821681864235,0.08915906788247213,0.171225937183384,0.08206686930091185,0.11651469098277609,0.16210739614994935,0.08409321175278622,0.11955420466058764,0.1408308004052685
0.0,0.038922155688622756,0.08582834331337326,0.17265469061876249,0.0748502994011976,0.10678642714570859,0.1536926147704591,0.06187624750499002,0.12874251497005987,0.17664670658682635
0.0,0.04672897196261682,0.09449636552440291,0.1806853582554517,0.08722741433021806,0.10176531671858775,0.1754932502596054,0.07580477673935618,0.1142263759086189,0.12357217030114226
0.0,0.048654244306418216,0.08385093167701864,0.17287784679089027,0.07246376811594203,0.11180124223602485,0.18115942028985507,0.07142857142857142,0.11387163561076605,0.14389233954451347
0.0,0.04058272632674298,0.08012486992715921,0.1675338189386056,0.09885535900104059,0.10301768990634755,0.16337148803329865,0.09781477627471384,0.09365244536940687,0.1550468262226847
0.0,0.042283298097251586,0.0919661733615222,0.18921775898520085,0.056025369978858354,0.12367864693446089,0.1733615221987315,0.08139534883720931,0.10887949260042283,0.1331923890063425
0.0,0.03373015873015873,0.10119047619047619,0.17857142857142858,0.05555555555555555,0.11507936507936507,0.16567460317460317,0.09523809523809523,0.10119047619047619,0.15376984126984128
0.0,0.03710575139146568,0.11131725417439703,0.16326530612244897,0.06493506493506493,0.1150278293135436,0.1456400742115028,0.08441558441558442,0.1326530612244898,0.1456400742115028
0.0,0.028409090909090908,0.08996212121212122,0.18371212121212122,0.054924242424242424,0.10700757575757576,0.13920454545454544,0.11647727272727272,0.11837121212121213,0.16193181818181818
0.0,0.02702702702702703,0.08018018018018018,0.15945945945945947,0.047747747747747746,0.17477477477477477,0.19099099099099098,0.1009009009009009,0.06936936936936937,0.14954954954954955
0.0,0.0348605577689243,0.08067729083665338,0.1802788844621514,0.0647410358565737,0.11653386454183266,0.14940239043824702,0.11952191235059761,0.07768924302788845,0.17629482071713148
0.0,0.037142857142857144,0.10666666666666667,0.17714285714285713,0.06,0.10285714285714286,0.17047619047619048,0.08285714285714285,0.10095238095238095,0.1619047619047619
0.0,0.031746031746031744,0.0992063492063492,0.18551587301587302,0.05257936507936508,0.125,0.17063492063492064,0.07837301587301587,0.10813492063492064,0.1488095238095238
