Kuruwa
513c74d7601457ae6a52ca0796bf44bca1de9a5345a6cc5dbbca30081db45fed
0.0,0.06745252128356254,0.06155861165684348,0.16568434839554683,0.038637851997380485,0.04780615586116568,0.06614276358873608,0.12115258677144729,0.05108055009823183,0.053700065487884745,0.056319580877537655,0.14538310412573674,0.060903732809430254,0.06417812704649639
0.0,0.04993429697766097,0.0735873850197109,0.1498028909329829,0.04533508541392904,0.03745072273324573,0.08541392904073587,0.13009198423127463,0.06241787122207622,0.03745072273324573,0.06044678055190539,0.13469119579500657,0.0328515111695138,0.10052562417871222
0.0,0.05190744215134459,0.06566604127579738,0.15196998123827393,0.06566604127579738,0.04002501563477173,0.07754846779237023,0.1282051282051282,0.03439649781113196,0.0525328330206379,0.07379612257661038,0.13133208255159476,0.050031269543464665,0.07692307692307693
0.0,0.0664259927797834,0.07653429602888087,0.14223826714801444,0.053429602888086646,0.03176895306859206,0.0815884476534296,0.1256317689530686,0.036101083032490974,0.0664259927797834,0.03176895306859206,0.1552346570397112,0.044765342960288806,0.08808664259927798
0.0,0.04386566141192598,0.07333790267306374,0.15901302261823166,0.04660726525017135,0.04660726525017135,0.08087731322823852,0.1247429746401645,0.02604523646333105,0.05894448252227553,0.06305688827964359,0.13913639479095272,0.041809458533241944,0.09595613433858807
0.0,0.05469327420546933,0.0679970436067997,0.14486326681448633,0.05395417590539542,0.03991130820399113,0.07317073170731707,0.13155949741315595,0.031781226903178125,0.04360679970436068,0.07390983000739099,0.15521064301552107,0.03325942350332594,0.09608277900960828
0.0,0.023153942428035045,0.07259073842302878,0.1376720901126408,0.0625782227784731,0.029411764705882353,0.09574468085106383,0.14580725907384232,0.07196495619524405,0.028785982478097622,0.06508135168961202,0.13516896120150187,0.04505632040050062,0.0869837296620776
0.0,0.03840682788051209,0.09174964438122332,0.13086770981507823,0.06401137980085349,0.02702702702702703,0.08392603129445235,0.1386913229018492,0.029871977240398292,0.044096728307254626,0.07610241820768136,0.14082503556187767,0.06472261735419631,0.06970128022759602
0.0,0.05768343331795108,0.049377018920166126,0.11952007383479464,0.05906783571758191,0.02445777572681126,0.063682510383018,0.33133364097831103,0.031841255191509,0.023073373327180433,0.05952930318412552,0.08998615597600369,0.03553299492385787,0.05491462851868943
0.0,0.057244174265450865,0.05977710233029382,0.1413373860182371,0.08409321175278622,0.015704154002026342,0.1580547112462006,0.12006079027355623,0.04204660587639311,0.030395136778115502,0.061296859169199594,0.10030395136778116,0.025835866261398176,0.1038500506585613
0.0,0.04830614805520703,0.07214554579673776,0.15683814303638646,0.03889585947302384,0.04705144291091593,0.10100376411543287,0.12484316185696362,0.026348808030112924,0.037641154328732745,0.08469259723964868,0.12107904642409034,0.028230865746549563,0.11292346298619825
0.0,0.062388591800356503,0.0707070707070707,0.16161616161616163,0.035056446821152706,0.043969102792632206,0.0915032679738562,0.11942959001782531,0.033273915626856804,0.046939988116458706,0.0754604872251931,0.12477718360071301,0.043969102792632206,0.09090909090909091
0.0,0.03212669683257918,0.061990950226244346,0.10045248868778281,0.038461538461538464,0.029411764705882353,0.08190045248868778,0.09411764705882353,0.04751131221719457,0.034389140271493215,0.12669683257918551,0.09683257918552036,0.07375565610859729,0.18235294117647058
0.0,0.0494469746258946,0.08588158750813273,0.1372804163955758,0.038386467143786594,0.053350683148991544,0.10605074821080027,0.09759271307742355,0.04229017566688354,0.0468445022771633,0.07742355237475602,0.11906310995445674,0.02992843201040989,0.11646063760572543
0.0,0.033582089552238806,0.06809701492537314,0.09794776119402986,0.04291044776119403,0.024253731343283583,0.07276119402985075,0.11007462686567164,0.044309701492537316,0.04337686567164179,0.20289179104477612,0.1609141791044776,0.029850746268656716,0.06902985074626866
0.0,0.0930896630496859,0.0719588806396345,0.13992004568817817,0.0548258138206739,0.03712164477441462,0.07881210736721873,0.12335808109651628,0.04454597372929754,0.041119360365505425,0.06853226727584237,0.11707595659623073,0.04968589377498572,0.0799543118218161
0.0,0.07872078720787208,0.051045510455104554,0.14698646986469865,0.03136531365313653,0.04428044280442804,0.07933579335793357,0.12730627306273062,0.05350553505535055,0.05904059040590406,0.06888068880688807,0.12300123001230012,0.05350553505535055,0.08302583025830258
0.0,0.04012539184952978,0.08652037617554859,0.1335423197492163,0.05078369905956113,0.03824451410658307,0.07774294670846395,0.12037617554858934,0.04764890282131661,0.038871473354231974,0.09843260188087774,0.11849529780564264,0.041379310344827586,0.10783699059561129
0.0,0.06253458771444383,0.0752628666297731,0.16325401217487548,0.05644714997232983,0.029883785279468732,0.06862202545655784,0.13337022689540676,0.03099059214167128,0.04537908135030437,0.0896513558384062,0.11510791366906475,0.04427227448810182,0.08522412838959602
0.0,0.05266497461928934,0.07804568527918782,0.1383248730964467,0.03553299492385787,0.04949238578680203,0.07550761421319797,0.13642131979695432,0.05203045685279188,0.037436548223350255,0.07043147208121828,0.1218274111675127,0.06408629441624365,0.08819796954314721
0.0,0.07736572890025575,0.06585677749360613,0.1438618925831202,0.046675191815856776,0.03900255754475703,0.0748081841432225,0.12531969309462915,0.04156010230179028,0.04028132992327366,0.08184143222506395,0.11061381074168798,0.04731457800511509,0.10549872122762148
0.0,0.019494584837545126,0.05198555956678701,0.13935018050541517,0.20613718411552345,0.010830324909747292,0.08592057761732852,0.08303249097472924,0.050902527075812276,0.03176895306859206,0.11588447653429602,0.09061371841155234,0.04296028880866426,0.07111913357400722
0.0,0.034278959810874705,0.0975177304964539,0.12588652482269502,0.028959810874704492,0.04373522458628842,0.07624113475177305,0.1140661938534279,0.034278959810874705,0.040780141843971635,0.07505910165484633,0.13120567375886524,0.0644208037825059,0.13356973995271867
0.0,0.03875968992248062,0.09795630725863284,0.12050739957716702,0.0507399577167019,0.04792107117688513,0.06765327695560254,0.11698379140239605,0.052854122621564484,0.042283298097251586,0.09372797744890768,0.12121212121212122,0.05919661733615222,0.09020436927413672
0.0,0.05093833780160858,0.08780160857908847,0.13136729222520108,0.064343163538874,0.03686327077747989,0.07238605898123325,0.13203753351206435,0.02546916890080429,0.05160857908847185,0.09450402144772117,0.11394101876675604,0.039544235924932974,0.09919571045576407
0.0,0.0763888888888889,0.06628787878787878,0.14962121212121213,0.025883838383838384,0.046085858585858584,0.07575757575757576,0.14898989898989898,0.016414141414141416,0.059343434343434344,0.07954545454545454,0.1275252525252525,0.06186868686868687,0.06628787878787878
0.0,0.07456140350877193,0.05451127819548872,0.14348370927318296,0.05764411027568922,0.023809523809523808,0.08270676691729323,0.13972431077694236,0.03696741854636591,0.04887218045112782,0.08583959899749373,0.12030075187969924,0.05827067669172932,0.07330827067669173
0.0,0.08805460750853242,0.0689419795221843,0.13037542662116042,0.0552901023890785,0.03549488054607509,0.07849829351535836,0.12901023890784982,0.04436860068259386,0.041638225255972695,0.06552901023890785,0.13378839590443686,0.04436860068259386,0.08464163822525597
0.0,0.043010752688172046,0.08673835125448029,0.14121863799283155,0.04229390681003584,0.043010752688172046,0.07956989247311828,0.14193548387096774,0.017921146953405017,0.045878136200716846,0.08745519713261649,0.12544802867383512,0.06164874551971326,0.08387096774193549
0.0,0.06449221645663454,0.05782060785767235,0.1608598962194218,0.05485544848035582,0.031134173461823574,0.06893995552260934,0.1156412157153447,0.05559673832468495,0.04744255003706449,0.06449221645663454,0.1334321719792439,0.06597479614529281,0.0793180133432172
0.0,0.06906474820143885,0.0618705035971223,0.13884892086330936,0.07338129496402877,0.022302158273381296,0.08489208633093526,0.13956834532374102,0.02302158273381295,0.045323741007194246,0.08273381294964029,0.13741007194244603,0.050359712230215826,0.07122302158273382
0.0,0.07435508345978756,0.061456752655538696,0.14036418816388468,0.0637329286798179,0.032625189681335355,0.08497723823975721,0.12139605462822459,0.02959028831562974,0.054628224582701064,0.06752655538694992,0.13732928679817905,0.05083459787556904,0.08118361153262518
0.0,0.06387225548902195,0.07651363938789088,0.12974051896207583,0.056553559547571526,0.017298735861610112,0.09048569527611444,0.1051230871590153,0.0499001996007984,0.02661343978709248,0.08782435129740519,0.14770459081836326,0.05588822355289421,0.09248170326014638
0.0,0.059639389736477116,0.06934812760055478,0.1608876560332871,0.026352288488210817,0.04230235783633842,0.0957004160887656,0.11234396671289876,0.05062413314840499,0.03536754507628294,0.08668515950069348,0.13592233009708737,0.04160887656033287,0.08321775312066575
0.0,0.0389202762084118,0.07281858129315756,0.1098556183301946,0.047080979284369114,0.029504080351537978,0.07721280602636535,0.09353421217827998,0.037037037037037035,0.03452605147520402,0.20778405524168236,0.11613308223477715,0.04896421845574388,0.08662900188323917
0.0,0.06837016574585636,0.07044198895027624,0.12845303867403315,0.07113259668508287,0.024171270718232045,0.08632596685082873,0.1270718232044199,0.011049723756906077,0.04903314917127072,0.1132596685082873,0.13604972375690608,0.028314917127071824,0.08632596685082873
0.0,0.05305039787798409,0.07493368700265252,0.1319628647214854,0.03249336870026525,0.029840848806366047,0.08023872679045092,0.12931034482758622,0.038461538461538464,0.04907161803713528,0.1259946949602122,0.126657824933687,0.04177718832891247,0.08620689655172414
0.0,0.06241699867197875,0.06640106241699867,0.13678618857901725,0.08034528552456839,0.025232403718459494,0.0697211155378486,0.1294820717131474,0.03054448871181939,0.03652058432934927,0.09163346613545817,0.13213811420982735,0.0398406374501992,0.09893758300132802
0.0,0.06336260978670012,0.037641154328732745,0.1493099121706399,0.07214554579673776,0.021957340025094103,0.08155583437892096,0.1398996235884567,0.060225846925972396,0.023212045169385194,0.08782936010037641,0.13237139272271017,0.033877038895859475,0.09661229611041405
0.0,0.050170482221139796,0.20701412566975158,0.13784705309303458,0.024354603019970774,0.02679006332196785,0.05942523136872869,0.08280565026790063,0.03507062834875792,0.029225523623964928,0.05114466634193863,0.09887968826108134,0.02143205065757428,0.17584023380418898
0.0,0.06896551724137931,0.07640297498309669,0.15618661257606492,0.041244083840432724,0.03786342123056119,0.0784313725490196,0.11561866125760649,0.048005409060175794,0.03177822853279243,0.0784313725490196,0.12373225152129817,0.04732927653820149,0.09601081812035159
0.0,0.05850706119704102,0.08002689979825152,0.12710154673839946,0.06792199058507062,0.03160726294552791,0.082044384667115,0.13180901143241425,0.0531271015467384,0.020847343644922665,0.08675184936112978,0.11432414256893074,0.04640215198386012,0.09952925353059852
0.0,0.06857942617214835,0.08187543736878937,0.12876137158852344,0.042687193841847444,0.0370888733379986,0.08187543736878937,0.11546536039188243,0.03568929321203639,0.041287613715885234,0.086074177746676,0.12526242127361792,0.05878236529041288,0.09657102869139259
0.0,0.07713884992987377,0.0729312762973352,0.12903225806451613,0.0638148667601683,0.02664796633941094,0.08064516129032258,0.11220196353436185,0.05119214586255259,0.038569424964936885,0.07713884992987377,0.12131837307152875,0.056802244039270686,0.09256661991584852
0.0,0.056296296296296296,0.07777777777777778,0.12444444444444444,0.06444444444444444,0.028148148148148148,0.07777777777777778,0.11481481481481481,0.052592592592592594,0.022222222222222223,0.08888888888888889,0.13111111111111112,0.045925925925925926,0.11555555555555555
0.0,0.07948369565217392,0.07744565217391304,0.12839673913043478,0.03125,0.041440217391304345,0.08152173913043478,0.11005434782608696,0.05434782608695652,0.033967391304347824,0.08831521739130435,0.12092391304347826,0.04619565217391304,0.10665760869565218
0.0,0.08439716312056737,0.07304964539007092,0.125531914893617,0.06099290780141844,0.029787234042553193,0.08156028368794327,0.09645390070921986,0.05106382978723404,0.03900709219858156,0.07021276595744681,0.13404255319148936,0.04609929078014184,0.10780141843971631
0.0,0.03720577069096431,0.1070615034168565,0.126044039483675,0.04176157934700076,0.047076689445709946,0.0721336370539104,0.12376613515565679,0.04935459377372817,0.02885345482156416,0.07593014426727411,0.14123006833712984,0.044798785117691725,0.10478359908883828
0.0,0.07306273062730627,0.07011070110701106,0.12767527675276752,0.06051660516605166,0.02952029520295203,0.08560885608856089,0.12324723247232472,0.035424354243542434,0.045018450184501846,0.05977859778597786,0.13210332103321032,0.05239852398523985,0.1055350553505535
0.0,0.06007905138339921,0.08616600790513834,0.12727272727272726,0.037944664031620556,0.057707509881422925,0.07430830039525692,0.108300395256917,0.04426877470355731,0.05059288537549407,0.05375494071146245,0.1422924901185771,0.06640316205533597,0.09090909090909091
0.0,0.03151750972762646,0.05330739299610895,0.09727626459143969,0.03463035019455253,0.01906614785992218,0.13229571984435798,0.08132295719844358,0.03463035019455253,0.01906614785992218,0.11750972762645914,0.08560311284046693,0.04124513618677043,0.2525291828793774
0.0,0.043668122270742356,0.10262008733624454,0.11935953420669577,0.03275109170305677,0.04294032023289665,0.08879184861717612,0.13100436681222707,0.040756914119359534,0.036390101892285295,0.06622998544395925,0.13609898107714702,0.06331877729257641,0.09606986899563319
0.0,0.08979591836734693,0.07210884353741497,0.1564625850340136,0.027891156462585033,0.04353741496598639,0.08571428571428572,0.10680272108843537,0.05510204081632653,0.03333333333333333,0.0653061224489796,0.12448979591836734,0.05102040816326531,0.08843537414965986
0.0,0.08252788104089219,0.0654275092936803,0.13605947955390335,0.035687732342007436,0.04758364312267658,0.07211895910780669,0.13011152416356878,0.02899628252788104,0.03345724907063197,0.08550185873605948,0.12862453531598514,0.04014869888475837,0.1137546468401487
0.0,0.064,0.07345454545454545,0.1338181818181818,0.04145454545454545,0.04509090909090909,0.07490909090909091,0.13163636363636363,0.017454545454545455,0.04727272727272727,0.06981818181818182,0.13018181818181818,0.05890909090909091,0.112
0.0,0.04977711738484398,0.0824665676077266,0.14413075780089152,0.03863298662704309,0.05052005943536404,0.11069836552748885,0.11738484398216939,0.041604754829123326,0.03194650817236255,0.06240713224368499,0.12852897473997027,0.0549777117384844,0.08692421991084695
0.0,0.06933744221879815,0.07781201848998459,0.13636363636363635,0.0423728813559322,0.04314329738058552,0.07704160246533127,0.12788906009244994,0.03775038520801233,0.028505392912172575,0.06856702619414484,0.13482280431432975,0.0485362095531587,0.10785824345146379
0.0,0.06431535269709543,0.06639004149377593,0.1251728907330567,0.04080221300138313,0.0318118948824343,0.07745504840940526,0.1251728907330567,0.056708160442600276,0.04426002766251729,0.0739972337482711,0.13278008298755187,0.029045643153526972,0.13208852005532504
0.0,0.03708063566804003,0.07357268981753973,0.10359034726309593,0.04002354326074161,0.02413184226015303,0.06827545615067687,0.10771041789287816,0.01942319011183049,0.032371983519717484,0.26839317245438493,0.09947027663331372,0.052972336668628606,0.07298410829899941
0.0,0.05570469798657718,0.07181208053691275,0.12281879194630872,0.06174496644295302,0.03355704697986577,0.07651006711409396,0.1395973154362416,0.05570469798657718,0.042953020134228186,0.0825503355704698,0.12080536912751678,0.03154362416107383,0.10469798657718121
0.0,0.07385952208544533,0.0832729905865315,0.1325126719768284,0.05286024619840695,0.023171614771904415,0.09558291093410572,0.08979000724112962,0.05430847212165098,0.042722664735698766,0.062273714699493124,0.14771904417089066,0.036205648081100654,0.1057204923968139
0.0,0.051957831325301206,0.07605421686746988,0.11295180722891567,0.058734939759036146,0.039909638554216864,0.06400602409638555,0.14156626506024098,0.0572289156626506,0.030120481927710843,0.07530120481927711,0.1280120481927711,0.04442771084337349,0.1197289156626506
0.0,0.05988455988455989,0.07503607503607504,0.12626262626262627,0.04329004329004329,0.031746031746031744,0.08513708513708514,0.12987012987012986,0.04040404040404041,0.04329004329004329,0.06782106782106782,0.1349206349206349,0.046897546897546896,0.11544011544011544
0.0,0.059932659932659935,0.06801346801346801,0.1063973063973064,0.044444444444444446,0.04781144781144781,0.10841750841750841,0.08956228956228957,0.037037037037037035,0.04983164983164983,0.08080808080808081,0.13737373737373737,0.07474747474747474,0.09562289562289562
0.0,0.06813627254509018,0.36172344689378755,0.10420841683366733,0.02755511022044088,0.018537074148296594,0.06212424849699399,0.07314629258517034,0.025050100200400802,0.02755511022044088,0.04759519038076152,0.0841683366733467,0.03006012024048096,0.07014028056112225
0.0,0.06737825216811208,0.07071380920613743,0.12341561040693796,0.066711140760507,0.0066711140760507,0.13208805870580387,0.09072715143428953,0.04869913275517011,0.032021347565043365,0.04803202134756504,0.15410273515677117,0.07004669779853236,0.08939292861907938
0.0,0.07098765432098765,0.08024691358024691,0.15354938271604937,0.023919753086419752,0.046296296296296294,0.08487654320987655,0.10030864197530864,0.05015432098765432,0.04861111111111111,0.05787037037037037,0.12962962962962962,0.05324074074074074,0.10030864197530864
0.0,0.049581455247907275,0.08113329040566646,0.14101738570508693,0.0437862202189311,0.032839665164198326,0.09336767546683837,0.0952994204764971,0.06052801030264005,0.0334835801674179,0.07340631036703155,0.13264649066323245,0.050225370251126854,0.11268512556342562
0.0,0.058655221745350504,0.0815450643776824,0.1380543633762518,0.04148783977110158,0.03791130185979971,0.09084406294706723,0.11087267525035766,0.02575107296137339,0.0357653791130186,0.0815450643776824,0.13662374821173104,0.04005722460658083,0.12088698140200287
0.0,0.049145299145299144,0.09829059829059829,0.12962962962962962,0.0349002849002849,0.03561253561253561,0.09757834757834757,0.10612535612535613,0.030626780626780627,0.04131054131054131,0.07977207977207977,0.13247863247863248,0.051994301994301995,0.11253561253561253
0.0,0.04372093023255814,0.06837209302325581,0.14232558139534884,0.030697674418604652,0.01953488372093023,0.17348837209302326,0.07813953488372093,0.05023255813953489,0.01627906976744186,0.07395348837209302,0.09209302325581395,0.03162790697674418,0.17953488372093024
0.0,0.04772475027746948,0.07935627081021088,0.10710321864594895,0.05327413984461709,0.03662597114317425,0.07380688124306327,0.11376248612652608,0.04661487236403995,0.03551609322974473,0.07602663706992231,0.11542730299667037,0.05327413984461709,0.16148723640399557
0.0,0.05966277561608301,0.07328145265888457,0.13359273670557717,0.05642023346303502,0.026588845654993514,0.09792477302204929,0.11089494163424124,0.05382619974059663,0.022697795071335927,0.08365758754863813,0.11738002594033722,0.06031128404669261,0.10376134889753567
0.0,0.06199628022318661,0.0712957222566646,0.12213267203967762,0.05827650340979541,0.0347179169249845,0.08927464352138871,0.10663360198388097,0.06323620582765034,0.017978921264724116,0.08679479231246125,0.11779293242405456,0.05703657780533168,0.11283323000619963
0.0,0.031806615776081425,0.08524173027989822,0.13804071246819338,0.06679389312977099,0.018447837150127225,0.08969465648854962,0.1183206106870229,0.054707379134860054,0.015267175572519083,0.09033078880407125,0.12595419847328243,0.05216284987277354,0.11323155216284987
0.0,0.033178500331785,0.0822826808228268,0.1293961512939615,0.0683477106834771,0.023888520238885203,0.08626410086264101,0.10617120106171202,0.0617120106171201,0.0325149303251493,0.09289980092899801,0.126078301260783,0.05242203052422031,0.10484406104844061
0.0,0.04184884447220487,0.09556527170518427,0.15427857589006871,0.06308557151780138,0.03310430980637102,0.07932542161149282,0.12367270455965022,0.055590256089943786,0.03123048094940662,0.06495940037476577,0.12242348532167395,0.048094940662086194,0.0868207370393504
0.0,0.06940509915014165,0.07719546742209632,0.13172804532577903,0.049575070821529746,0.03328611898016997,0.08002832861189801,0.1253541076487252,0.018413597733711047,0.042492917847025496,0.07223796033994334,0.13314447592067988,0.042492917847025496,0.12464589235127478
0.0,0.039473684210526314,0.09502923976608187,0.1425438596491228,0.04751461988304093,0.027046783625730993,0.0935672514619883,0.11257309941520467,0.0445906432748538,0.03728070175438596,0.0804093567251462,0.12573099415204678,0.05847953216374269,0.09576023391812866
0.0,0.061126373626373624,0.07898351648351648,0.12843406593406592,0.059065934065934064,0.019230769230769232,0.09340659340659341,0.11195054945054946,0.04739010989010989,0.02197802197802198,0.10714285714285714,0.11881868131868131,0.04532967032967033,0.10714285714285714
0.0,0.05142460041695622,0.06810284920083391,0.1320361362056984,0.037526059763724806,0.0472550382209868,0.08686587908269632,0.11049339819318972,0.045170257123002086,0.0472550382209868,0.07644197359277276,0.14246004169562196,0.057678943710910355,0.09728978457261987
0.0,0.04080221300138313,0.08160442600276625,0.12102351313969571,0.058091286307053944,0.017289073305670817,0.09612724757952974,0.1016597510373444,0.05255878284923928,0.04771784232365145,0.04149377593360996,0.14937759336099585,0.08022130013831259,0.11203319502074689
0.0,0.05672727272727273,0.072,0.14472727272727273,0.048,0.03563636363636364,0.08363636363636363,0.10690909090909091,0.04945454545454545,0.03854545454545454,0.07127272727272728,0.13018181818181818,0.04654545454545454,0.11636363636363636
0.0,0.05037957211870255,0.0738440303657695,0.12422360248447205,0.045548654244306416,0.024844720496894408,0.0883367839889579,0.09799861973775018,0.06418219461697723,0.04485852311939269,0.06418219461697723,0.15527950310559005,0.0759144237405107,0.0904071773636991
0.0,0.06474820143884892,0.07338129496402877,0.13597122302158274,0.04748201438848921,0.029496402877697843,0.08489208633093526,0.11007194244604317,0.04820143884892086,0.0539568345323741,0.06402877697841726,0.13381294964028778,0.04748201438848921,0.10647482014388489
0.0,0.057678943710910355,0.07505211952744961,0.14315496872828354,0.05837387074357193,0.0236275191104934,0.0945100764419736,0.10910354412786658,0.05350938151494093,0.03335649756775538,0.07644197359277276,0.1271716469770674,0.04378040305767894,0.10423905489923559
0.0,0.05377094972067039,0.0782122905027933,0.1403631284916201,0.03770949720670391,0.0446927374301676,0.0893854748603352,0.1138268156424581,0.04888268156424581,0.02653631284916201,0.09008379888268156,0.12918994413407822,0.046089385474860335,0.10125698324022346
0.0,0.0443938531587934,0.06545247581104155,0.11212293682413205,0.056346044393853156,0.02105862265224815,0.11269208878770631,0.09789413773477519,0.09220261809903244,0.022766078542970972,0.08764940239043825,0.11212293682413205,0.06089926010244735,0.11439954467842914
0.0,0.0532724505327245,0.0928462709284627,0.1339421613394216,0.045662100456621,0.0243531202435312,0.09665144596651445,0.1156773211567732,0.0334855403348554,0.0334855403348554,0.0867579908675799,0.11948249619482496,0.0517503805175038,0.1126331811263318
0.0,0.06816760475297061,0.0900562851782364,0.12695434646654158,0.03189493433395872,0.04002501563477173,0.10068792995622264,0.11882426516572858,0.04878048780487805,0.04002501563477173,0.07004377736085053,0.11507191994996874,0.04127579737335835,0.10819262038774234
0.0,4.221594190156869e-05,5.577151957638432e-05,7.862235051393069e-05,1.975241318330278e-05,2.478734203394859e-05,6.235565730415191e-05,7.358742166328487e-05,3.020957310387484e-05,2.478734203394859e-05,4.337784855941003e-05,7.126360834760219e-05,2.5561946472509482e-05,6.700328393551728e-05,0.9987753503826352,4.570166187509271e-05,5.4609612918542985e-05,8.443188380313738e-05,2.8660364226753057e-05,2.440003981466814e-05,4.3765150778690476e-05,7.126360834760219e-05,1.897780874474189e-05,2.5561946472509482e-05,4.415245299797092e-05,7.862235051393069e-05,3.795561748948378e-05,4.72508707522145e-05
0.0,4.215496163898491e-05,5.5690958495539696e-05,7.850878176801777e-05,1.9723881133836976e-05,2.4751537109128753e-05,6.226558554015202e-05,7.348112579272599e-05,3.0165935851750668e-05,2.4751537109128753e-05,4.3315189940975316e-05,7.116066918874516e-05,2.552502264378903e-05,6.690649874811366e-05,0.997332635133724,4.563564654495614e-05,5.453073019354928e-05,8.430992327796982e-05,2.861896478243012e-05,2.4364794341798615e-05,4.3701932708305454e-05,7.116066918874516e-05,1.89503955991767e-05,2.552502264378903e-05,4.408867547563559e-05,7.850878176801777e-05,3.79007911983534e-05,4.718261761427669e-05,0.0008461931749183392,5.2210273589568464e-05,4.5248903777626005e-05,8.62436371146205e-05,2.552502264378903e-05,2.1270852203157524e-05,4.7569360381606825e-05,7.038718365408489e-05,1.8563652831846567e-05,2.5911765411119163e-05,4.254170440631505e-05,7.46413540947164e-05,2.861896478243012e-05,5.955838616884107e-05
0.0,4.20979127932081e-05,5.561559121304556e-05,7.840253483505729e-05,1.9697188554620303e-05,2.471804053913136e-05,6.218132073125233e-05,7.338168285054623e-05,3.0125111907066347e-05,2.471804053913136e-05,4.3256570943479886e-05,7.106436655000267e-05,2.5490479305979216e-05,6.681595333233947e-05,0.9959829321930077,4.557388724402345e-05,5.445693306277378e-05,8.41958255864162e-05,2.8580234373370637e-05,2.4331821155707435e-05,4.364279032690381e-05,7.106436655000267e-05,1.8924749787772448e-05,2.5490479305979216e-05,4.402900971032774e-05,7.840253483505729e-05,3.7849499575544896e-05,4.711876477771916e-05,0.0008450480109315535,5.213961676223022e-05,4.518766786059952e-05,8.612692250353584e-05,2.5490479305979216e-05,2.1242066088316014e-05,4.750498416114309e-05,7.029192778315481e-05,1.8538530404348522e-05,2.5876698689403145e-05,4.248413217663203e-05,7.454034100081801e-05,2.8580234373370637e-05,5.947778504728484e-05,0.0007882737615682361,4.827742292799094e-05,3.900815772581668e-05,8.612692250353584e-05,7.72438766847855e-06,2.4331821155707435e-05,5.136717799538236e-05,7.145058593342659e-05,3.4759744508153477e-06,2.2400724238587798e-05,4.982230046168665e-05,7.338168285054623e-05,2.0855846704892088e-05,6.681595333233947e-05
0.0,0.04407200496585972,0.07697082557417753,0.12476722532588454,0.051520794537554315,0.021725636250775917,0.074487895716946,0.07759155803848541,0.037243947858473,0.03165735567970205,0.06517690875232775,0.11297330850403477,0.04531346989447548,0.23649906890130354
0.0,0.04893617021276596,0.1,0.13049645390070921,0.0375886524822695,0.031914893617021274,0.09787234042553192,0.12624113475177304,0.02198581560283688,0.027659574468085105,0.08368794326241134,0.13049645390070921,0.0425531914893617,0.12056737588652482
0.0,0.06840148698884758,0.09144981412639405,0.137546468401487,0.008178438661710037,0.04535315985130112,0.09516728624535316,0.12193308550185873,0.011152416356877323,0.06617100371747212,0.05427509293680297,0.1412639405204461,0.06691449814126393,0.09219330855018587
0.0,0.048694424841213835,0.08750882145377559,0.12561750176429076,0.015525758645024701,0.048694424841213835,0.09738884968242767,0.10938602681721948,0.04022582921665491,0.05222300635144672,0.10303458009880029,0.12420606916019761,0.0465772759350741,0.10091743119266056
0.0,0.07745987438939288,0.08653175157013258,0.12351709699930216,0.034891835310537335,0.030006978367062107,0.09560362875087229,0.08653175157013258,0.05931612002791347,0.046057222609909285,0.07048150732728542,0.13677599441730634,0.0642009769713887,0.08862526168876483
0.0,0.051699716713881017,0.08781869688385269,0.12960339943342777,0.0453257790368272,0.020538243626062325,0.09985835694050992,0.11189801699716714,0.03895184135977337,0.03328611898016997,0.08144475920679886,0.13526912181303116,0.039660056657223795,0.12464589235127478
0.0,0.058231488138030196,0.07404744787922359,0.15384615384615385,0.014378145219266714,0.040258806613946804,0.09417685118619698,0.11214953271028037,0.056793673616103525,0.023005032350826744,0.07404744787922359,0.1409058231488138,0.06110711718188354,0.09705248023005032
0.0,0.06702619414483821,0.09244992295839753,0.13174114021571648,0.02773497688751926,0.04160246533127889,0.09784283513097072,0.1147919876733436,0.040061633281972264,0.03852080123266564,0.0662557781201849,0.137904468412943,0.03852080123266564,0.10554699537750385
0.0,0.044202434336963484,0.0723894939141576,0.15631005765534914,0.035233824471492634,0.029468289557975657,0.08135810377962845,0.11146700832799487,0.05957719410634209,0.02242152466367713,0.08712363869314542,0.15438821268417682,0.05253042921204356,0.09352978859705317
0.0,0.0808448652585579,0.08302986161689731,0.1442097596504006,0.026948288419519302,0.03495994173343044,0.09905316824471959,0.11143481427530955,0.02403495994173343,0.04224326292789512,0.06846321922796796,0.13838310269482884,0.04734158776402039,0.09905316824471959
0.0,0.08182533438237609,0.05979543666404406,0.14476789929189615,0.02832415420928403,0.03776553894571204,0.08733280881195908,0.12745869394177814,0.059008654602675056,0.014948859166011016,0.07710464201416208,0.14634146341463414,0.046420141620771044,0.0889063729346971
0.0,0.050359712230215826,0.07274180655475619,0.15667466027178256,0.01598721023181455,0.0319744204636291,0.10551558752997602,0.11750599520383694,0.05675459632294165,0.013589128697042365,0.07434052757793765,0.1550759392486011,0.05915267785771383,0.0903277378097522
0.0,0.060240963855421686,0.076592082616179,0.1333907056798623,0.04044750430292599,0.035283993115318414,0.09380378657487091,0.1342512908777969,0.0378657487091222,0.028399311531841654,0.06540447504302926,0.16265060240963855,0.06798623063683305,0.06368330464716007
0.0,0.04868771395968049,0.11829593001141119,0.1091669836439711,0.07265119817421073,0.056675542031190566,0.07645492582731077,0.100798782807151,0.03347280334728033,0.020540129326740205,0.0798782807151008,0.09281095473564092,0.06922784328642069,0.12133891213389121
0.0,0.04977711738484398,0.06463595839524518,0.13150074294205052,0.01411589895988113,0.043833580980683504,0.09286775631500743,0.11589895988112928,0.04977711738484398,0.01263001485884101,0.10326894502228826,0.15601783060921248,0.061664190193164936,0.10401188707280833
0.0,0.05489614243323442,0.06305637982195846,0.1327893175074184,0.034866468842729974,0.03635014836795252,0.07640949554896143,0.11646884272997032,0.04821958456973294,0.02744807121661721,0.09124629080118694,0.17062314540059348,0.06676557863501484,0.08086053412462908
0.0,0.0538563829787234,0.04720744680851064,0.17220744680851063,0.0425531914893617,0.032579787234042555,0.06981382978723404,0.1363031914893617,0.02925531914893617,0.043882978723404256,0.10505319148936171,0.14162234042553193,0.0398936170212766,0.08577127659574468
0.0,0.028636021100226075,0.17558402411454407,0.0693293142426526,0.06103993971363979,0.03014318010550113,0.08364732479276564,0.11077618688771665,0.04822908816880181,0.0346646571213263,0.07309721175584025,0.14468726450640543,0.044461190655614165,0.09570459683496609
0.0,0.06022408963585434,0.06442577030812324,0.17787114845938376,0.04131652661064426,0.03991596638655462,0.06092436974789916,0.13585434173669467,0.0392156862745098,0.023109243697478993,0.0938375350140056,0.12324929971988796,0.058823529411764705,0.08123249299719888
0.0,0.053597650513950074,0.06461086637298091,0.12481644640234948,0.06020558002936858,0.0315712187958884,0.09324522760646109,0.12922173274596183,0.035976505139500736,0.037444933920704845,0.07048458149779736,0.16299559471365638,0.0631424375917768,0.07268722466960352
0.0,0.027877055039313797,0.09220872051465333,0.15511079342387418,0.04932094353109364,0.010007147962830594,0.10221586847748391,0.1322373123659757,0.0007147962830593281,0.027877055039313797,0.12437455325232309,0.13152251608291637,0.04431736954967834,0.10221586847748391
0.0,0.055904961565338925,0.0593990216631726,0.12089447938504543,0.07756813417190776,0.02236198462613557,0.09503843466107617,0.14116002795248078,0.0649895178197065,0.025157232704402517,0.06359189378057302,0.15164220824598182,0.029350104821802937,0.09294199860237597
0.0,0.034482758620689655,0.0993103448275862,0.1482758620689655,0.034482758620689655,0.028965517241379312,0.09448275862068965,0.12,0.05931034482758621,0.015862068965517243,0.07172413793103448,0.14482758620689656,0.060689655172413794,0.08758620689655172
0.0,0.046120058565153735,0.06076134699853587,0.15592972181551976,0.060029282576866766,0.036603221083455345,0.0849194729136164,0.11346998535871157,0.06661786237188873,0.022693997071742314,0.0849194729136164,0.13396778916544655,0.07247437774524158,0.06149341142020498
0.0,0.03831982313927782,0.10611643330876934,0.12675018422991893,0.027266028002947678,0.03610906411201179,0.09432571849668386,0.12159174649963155,0.051584377302873984,0.043478260869565216,0.05747973470891673,0.1451731761238025,0.07148120854826824,0.08032424465733234
0.0,0.04259776536312849,0.0914804469273743,0.14664804469273743,0.055167597765363126,0.020251396648044692,0.08798882681564246,0.1270949720670391,0.034916201117318434,0.024441340782122904,0.1005586592178771,0.12639664804469275,0.06215083798882681,0.08030726256983241
0.0,0.05003849114703618,0.07005388760585066,0.13856812933025403,0.059276366435719784,0.01308698999230177,0.09776751347190146,0.1100846805234796,0.04541955350269438,0.016936104695919937,0.09237875288683603,0.15165511932255582,0.08775981524249422,0.06697459584295612
0.0,0.08323665893271462,0.0777262180974478,0.15806264501160092,0.029582366589327145,0.015951276102088168,0.11310904872389792,0.12964037122969838,0.021461716937354988,0.011890951276102088,0.11745939675174014,0.1070185614849188,0.029582366589327145,0.1052784222737819
0.0,0.04344569288389513,0.06816479400749063,0.1550561797752809,0.0449438202247191,0.033707865168539325,0.08764044943820225,0.12734082397003746,0.044194756554307116,0.017228464419475654,0.08014981273408239,0.149812734082397,0.06441947565543071,0.08389513108614233
0.0,0.04437643458301454,0.036725325172149964,0.15225707727620505,0.07115531752104055,0.02754399387911247,0.08798775822494262,0.12700841622035194,0.03366488140780413,0.030604437643458302,0.09181331293037491,0.14919663351185922,0.045906656465187455,0.10175975516449885
0.0,0.04059040590405904,0.055350553505535055,0.14760147601476015,0.07453874538745388,0.02730627306273063,0.07822878228782287,0.14169741697416974,0.042804428044280446,0.025092250922509225,0.07306273062730627,0.13948339483394834,0.06937269372693727,0.08487084870848709
0.0,0.04919236417033774,0.039647577092511016,0.17474302496328928,0.06387665198237885,0.0315712187958884,0.06901615271659324,0.13729809104258445,0.038913362701908955,0.033773861967694566,0.08663729809104258,0.12334801762114538,0.06901615271659324,0.08296622613803231
0.0,0.0392156862745098,0.07212885154061624,0.14635854341736695,0.0392156862745098,0.018207282913165267,0.09733893557422969,0.14425770308123248,0.03011204481792717,0.04201680672268908,0.09453781512605042,0.13165266106442577,0.03991596638655462,0.10504201680672269
0.0,0.04357298474945534,0.07044299201161947,0.15613652868554828,0.05809731299927379,0.027596223674655047,0.08278867102396514,0.11837327523602033,0.050835148874364564,0.03776325344952796,0.06318082788671024,0.140159767610748,0.05591866376180102,0.09513435003631082
0.0,0.047337278106508875,0.06878698224852071,0.15976331360946747,0.04659763313609468,0.04142011834319527,0.08505917159763314,0.13313609467455623,0.03772189349112426,0.04363905325443787,0.07470414201183433,0.1205621301775148,0.05695266272189349,0.08431952662721894
0.0,0.04878048780487805,0.07177700348432056,0.12682926829268293,0.045993031358885016,0.027177700348432057,0.09965156794425087,0.1421602787456446,0.05853658536585366,0.03832752613240418,0.0529616724738676,0.1421602787456446,0.07247386759581882,0.07317073170731707
0.0,0.057320441988950276,0.07458563535911603,0.13052486187845305,0.04419889502762431,0.031767955801104975,0.09461325966850828,0.12154696132596685,0.057320441988950276,0.03522099447513812,0.0787292817679558,0.12914364640883977,0.06353591160220995,0.08149171270718232
0.0,1.0
0.0,0.05963636363636363,0.07490909090909091,0.14254545454545456,0.020363636363636365,0.04436363636363636,0.09672727272727273,0.13818181818181818,0.03563636363636364,0.02690909090909091,0.09018181818181818,0.1338181818181818,0.04290909090909091,0.09381818181818181
0.0,0.0471976401179941,0.07079646017699115,0.16666666666666666,0.06047197640117994,0.01696165191740413,0.07669616519174041,0.13200589970501475,0.05752212389380531,0.028023598820058997,0.06858407079646017,0.137905604719764,0.061946902654867256,0.0752212389380531
0.0,0.06163886874546773,0.06236403190717912,0.1845540246555475,0.048223350253807105,0.019579405366207395,0.0823060188542422,0.17367657722987673,0.02610587382160986,0.021754894851341553,0.06707759245830312,0.14757070340826686,0.032632342277012324,0.0725163161711385
0.0,0.04028697571743929,0.04746136865342163,0.17218543046357615,0.04415011037527594,0.02704194260485651,0.0739514348785872,0.17660044150110377,0.032560706401766004,0.03200883002207505,0.0673289183222958,0.12196467991169978,0.05739514348785872,0.10706401766004416
0.0,0.05790190735694823,0.05449591280653951,0.13760217983651227,0.06335149863760219,0.025204359673024524,0.09128065395095368,0.1287465940054496,0.06743869209809264,0.025204359673024524,0.07084468664850137,0.12602179836512262,0.07220708446866485,0.07970027247956403
0.0,0.06347062795408508,0.08507765023632681,0.07765023632680622,0.04523970290344362,0.08170155300472653,0.06684672518568535,0.12761647535449022,0.04388926401080351,0.08777852802160702,0.08102633355840648,0.09318028359216746,0.07900067521944631,0.0675219446320054
0.0,0.054212454212454214,0.07545787545787545,0.14285714285714285,0.0336996336996337,0.041025641025641026,0.08278388278388278,0.10256410256410256,0.06813186813186813,0.015384615384615385,0.07838827838827839,0.1413919413919414,0.06593406593406594,0.09816849816849817
0.0,0.05331510594668489,0.06766917293233082,0.13738892686261106,0.06766917293233082,0.012303485987696514,0.09569377990430622,0.13738892686261106,0.06561859193438141,0.01572112098427888,0.07177033492822966,0.14354066985645933,0.07313738892686261,0.05878332194121668
0.0,0.06816584680252986,0.06676036542515812,0.13562895291637386,0.06184118060435699,0.023190442726633873,0.09557273366127898,0.13281799016163034,0.04146170063246662,0.018973998594518624,0.09768095572733661,0.12508784258608574,0.06957132817990162,0.06324666198172874
