skps201010
6e57cb38ced6b16ac5d9d881fb68fc940e3df0c0036d8418b1d12ab3bd800533
0.0,0.06273764258555133,0.045627376425855515,0.13371356147021546,0.08745247148288973,0.11723700887198986,0.13371356147021546,0.11787072243346007,0.19455006337135614,0.10709759188846642
0.0,0.05907473309608541,0.0903914590747331,0.17508896797153026,0.08113879003558719,0.1309608540925267,0.14661921708185052,0.09679715302491103,0.1195729537366548,0.100355871886121
0.0,0.030266825965750695,0.13142174432497014,0.09199522102747909,0.05774591796097173,0.055356431700517725,0.09757068896853843,0.13022700119474312,0.11150935882118677,0.2939068100358423
0.0,0.057891109579600274,0.08270158511371468,0.13645761543762921,0.08545830461750517,0.13990351481736732,0.14610613370089592,0.10475534114403859,0.12543073742246727,0.12129565816678153
0.0,0.047534165181224004,0.10932857991681522,0.14616755793226383,0.09387997623291741,0.10457516339869281,0.1408199643493761,0.1111111111111111,0.14497920380273321,0.10160427807486631
0.0,0.05273189326556544,0.08322744599745871,0.14930114358322744,0.08195679796696315,0.12960609911054638,0.1365946632782719,0.11118170266836086,0.14612452350698857,0.10927573062261753
0.0,0.04236200256739409,0.07188703465982028,0.14441591784338895,0.10077021822849808,0.1803594351732991,0.14120667522464697,0.09370988446726572,0.1258023106546855,0.09948652118100128
0.0,0.05493786788750817,0.07913669064748201,0.14650098103335513,0.08502289077828647,0.1249182472204055,0.15500327011118378,0.08371484630477437,0.1393067364290386,0.131458469587966
0.0,0.05846774193548387,0.1900201612903226,0.12600806451612903,0.08870967741935484,0.06754032258064516,0.10887096774193548,0.0967741935483871,0.14768145161290322,0.1159274193548387
0.0,0.0450281425891182,0.09505941213258287,0.14008755472170106,0.10318949343339587,0.12132582864290181,0.13633520950594122,0.08005003126954346,0.14821763602251406,0.13070669168230145
0.0,0.05016357688113413,0.11613958560523446,0.10850599781897492,0.0812431842966194,0.0910577971646674,0.13140676117775354,0.06543075245365322,0.21264994547437296,0.14340239912758998
0.0,0.035509138381201046,0.06684073107049608,0.25013054830287207,0.10757180156657964,0.09608355091383812,0.1289817232375979,0.07101827676240209,0.11801566579634465,0.12584856396866842
0.0,0.036656891495601175,0.04985337243401759,0.1495601173020528,0.12683284457478006,0.10557184750733138,0.16862170087976538,0.09090909090909091,0.15029325513196481,0.1217008797653959
0.0,0.046097111247695145,0.06699446834665028,0.13952059004302397,0.0958819913952059,0.12169637369391519,0.17086662569145666,0.0977258758451137,0.12661339889366932,0.13460356484326982
0.0,0.04805491990846682,0.10125858123569793,0.11327231121281464,0.09954233409610984,0.14988558352402745,0.16075514874141877,0.09153318077803203,0.11670480549199085,0.11899313501144165
0.0,0.05031055900621118,0.08012422360248447,0.1391304347826087,0.09503105590062112,0.10745341614906832,0.16149068322981366,0.08695652173913043,0.14596273291925466,0.13354037267080746
0.0,0.04690318701142514,0.07215874924834637,0.10282621767889356,0.10282621767889356,0.10402886349969934,0.15754660252555622,0.12507516536380037,0.14191220685508119,0.14672279013830428
0.0,0.03968253968253968,0.0746031746031746,0.11322751322751323,0.09047619047619047,0.09788359788359788,0.16507936507936508,0.10899470899470899,0.17142857142857143,0.13862433862433862
0.0,0.036155606407322655,0.12265446224256293,0.10205949656750572,0.07368421052631578,0.09290617848970252,0.12311212814645309,0.056292906178489706,0.17986270022883294,0.21327231121281465
0.0,0.03989071038251366,0.06120218579234973,0.11202185792349727,0.06885245901639345,0.11311475409836065,0.13879781420765028,0.12021857923497267,0.2087431693989071,0.1371584699453552
0.0,0.04776119402985075,0.1855721393034826,0.12786069651741294,0.1154228855721393,0.08855721393034825,0.12835820895522387,0.07562189054726368,0.10895522388059702,0.12189054726368159
0.0,0.03939122649955237,0.06445837063563116,0.11906893464637422,0.06803939122649955,0.229632945389436,0.22023276633840644,0.06624888093106536,0.09489704565801253,0.09803043867502238
0.0,0.050996483001172335,0.07854630715123095,0.17878077373974208,0.08147713950762016,0.07854630715123095,0.1406799531066823,0.10668229777256741,0.13599062133645956,0.14830011723329425
0.0,0.03281096963761019,0.06660137120470128,0.10333006856023506,0.07100881488736532,0.11704211557296768,0.18462291870714986,0.089128305582762,0.20861900097943192,0.12683643486777668
0.0,0.05150214592274678,0.08297567954220315,0.12804005722460657,0.09656652360515021,0.10872675250357654,0.17167381974248927,0.05150214592274678,0.16165951359084407,0.1473533619456366
0.0,0.03130434782608696,0.04521739130434783,0.09826086956521739,0.06608695652173913,0.07695652173913044,0.10869565217391304,0.057391304347826085,0.4152173913043478,0.10086956521739131
0.0,0.05102040816326531,0.07206632653061225,0.12755102040816327,0.08227040816326531,0.09566326530612244,0.16581632653061223,0.11543367346938775,0.1441326530612245,0.14604591836734693
0.0,0.047225501770956316,0.06139315230224321,0.11511216056670602,0.10153482880755609,0.1204250295159386,0.1487603305785124,0.10212514757969303,0.16056670602125148,0.14285714285714285
0.0,0.044257703081232495,0.10812324929971989,0.12156862745098039,0.08515406162464986,0.0907563025210084,0.13949579831932774,0.10252100840336134,0.173109243697479,0.1350140056022409
0.0,0.03446502057613169,0.1044238683127572,0.12139917695473251,0.08024691358024691,0.09310699588477367,0.21553497942386832,0.08487654320987655,0.10648148148148148,0.15946502057613168
0.0,0.03577148958889482,0.09396689802455953,0.11158569140416444,0.08328884143085959,0.1179925253603844,0.199679658302189,0.0982381206620395,0.12653497063534436,0.13294180459156432
0.0,0.030776297657326597,0.08130454754248967,0.11254019292604502,0.09049150206706477,0.16444648598989434,0.13137344970142398,0.10427193385392743,0.14928801102434544,0.13550757923748277
0.0,0.034482758620689655,0.10689655172413794,0.11896551724137931,0.09655172413793103,0.12643678160919541,0.1482758620689655,0.10402298850574712,0.12873563218390804,0.135632183908046
0.0,0.026473526473526472,0.05944055944055944,0.12137862137862138,0.08741258741258741,0.1023976023976024,0.15884115884115885,0.07942057942057942,0.12437562437562437,0.24025974025974026
0.0,0.042269187986651836,0.09566184649610679,0.11512791991101223,0.08898776418242492,0.14794215795328142,0.15294771968854282,0.07563959955506118,0.13459399332591768,0.1468298109010011
0.0,0.043743078626799554,0.058693244739756366,0.14451827242524917,0.09413067552602436,0.11129568106312292,0.1511627906976744,0.09080841638981174,0.16002214839424142,0.14562569213732005
0.0,0.04024024024024024,0.08408408408408409,0.13993993993993994,0.08528528528528528,0.1069069069069069,0.15255255255255254,0.08168168168168168,0.16516516516516516,0.14414414414414414
0.0,0.04085257548845471,0.06098283007696862,0.13972764949674363,0.09177027827116636,0.1142687981053878,0.17761989342806395,0.12433392539964476,0.11782119597394908,0.13262285375962107
0.0,0.03627760252365931,0.11777076761303891,0.1288117770767613,0.10094637223974763,0.0904311251314406,0.15457413249211358,0.11041009463722397,0.12355415352260778,0.13722397476340695
0.0,0.04875217643644805,0.0742890307603018,0.13697040046430645,0.1004062681369704,0.10679048171793383,0.1648287869994196,0.122460824143935,0.10621009866511898,0.13929193267556586
0.0,0.03580308304326206,0.15514669318746893,0.11934361014420686,0.08503232222774738,0.08901044256588762,0.1372451516658379,0.12481352560914968,0.1516658378915962,0.10193933366484337
0.0,0.03512623490669594,0.12019758507135017,0.11251372118551042,0.10867178924259056,0.12952799121844127,0.150384193194292,0.08562019758507135,0.14873765093304062,0.10922063666300769
0.0,0.054282267792521106,0.07720144752714113,0.13268998793727382,0.10072376357056695,0.11459589867310012,0.1773220747889023,0.08202653799758745,0.11942098914354644,0.14173703256936068
0.0,0.04923599320882852,0.053763440860215055,0.11997736276174306,0.1035653650254669,0.14318053197509903,0.16072439162422184,0.0967741935483871,0.13355970571590267,0.13921901528013583
0.0,0.043993231810490696,0.07670614777213762,0.13310772701635645,0.10152284263959391,0.1314156796390299,0.15341229554427524,0.0727580372250423,0.125775521714608,0.16130851663846588
0.0,0.045207956600361664,0.0753465943339361,0.12839059674502712,0.09101868595539482,0.12417118746232671,0.16576250753465943,0.10789632308619651,0.11030741410488246,0.1518987341772152
0.0,0.062310949788263764,0.08953418027828192,0.13006654567453116,0.10042347247428918,0.10707803992740472,0.16091954022988506,0.06836055656382335,0.11675741076830005,0.1645493042952208
0.0,0.0398989898989899,0.05101010101010101,0.11565656565656565,0.0893939393939394,0.1101010101010101,0.15252525252525254,0.08333333333333333,0.14444444444444443,0.21363636363636362
0.0,0.043010752688172046,0.0978494623655914,0.12903225806451613,0.07311827956989247,0.17204301075268819,0.15645161290322582,0.0967741935483871,0.11827956989247312,0.11344086021505376
0.0,0.03680981595092025,0.11991076408254323,0.12046848856664807,0.08533184606804238,0.11042944785276074,0.15727830451756833,0.10317902955939766,0.13441160066926938,0.13218070273284996
0.0,0.04056338028169014,0.06985915492957746,0.12619718309859154,0.1532394366197183,0.10816901408450705,0.16788732394366196,0.0895774647887324,0.13126760563380283,0.1132394366197183
0.0,0.0421254188606989,0.07850646242221158,0.11728099569171853,0.08568693154619435,0.11680229775011967,0.18094782192436573,0.11488750598372427,0.12254667304930589,0.14121589277166108
0.0,0.035214085634253704,0.09963985594237695,0.22368947579031612,0.05922368947579031,0.0896358543417367,0.13565426170468187,0.1132452981192477,0.1332533013205282,0.11044417767106843
0.0,0.041728031418753066,0.11782032400589101,0.1094747177221404,0.0976926853215513,0.11242022582228768,0.15071183112420225,0.10751104565537556,0.1404025527736868,0.12223858615611193
0.0,0.042884990253411304,0.06920077972709551,0.12037037037037036,0.08430799220272904,0.1154970760233918,0.23440545808966862,0.09405458089668615,0.10282651072124756,0.1364522417153996
0.0,0.04037419990152634,0.18365337272279667,0.17528311176760217,0.09798129000492369,0.06942392909896603,0.12850812407680945,0.09601181683899557,0.09945839487936976,0.10930576070901034
0.0,0.043080236941303175,0.0630048465266559,0.11739364566505116,0.09585352719439957,0.12654819601507808,0.1680129240710824,0.13247172859450726,0.11308562197092084,0.14054927302100162
0.0,0.038314176245210725,0.13936781609195403,0.1336206896551724,0.09770114942528736,0.08620689655172414,0.14080459770114942,0.07758620689655173,0.11637931034482758,0.1700191570881226
0.0,0.05433028509951587,0.10543302850995159,0.12372243141473911,0.10650887573964497,0.10919849381387843,0.157073695535234,0.09467455621301775,0.11296395911780527,0.13609467455621302
0.0,0.0514668039114771,0.15851775604734947,0.11837364899639732,0.10910962429233145,0.07153885743695317,0.14565105506948017,0.07153885743695317,0.13896037056098817,0.13484302624806999
0.0,0.0421865715983363,0.08080808080808081,0.15151515151515152,0.08793820558526441,0.10635769459298872,0.18122400475341652,0.09863339275103981,0.12180629827688651,0.1295306001188354
0.0,0.04562043795620438,0.10523114355231143,0.11861313868613138,0.10644768856447688,0.09367396593673966,0.15571776155717762,0.11070559610705596,0.1332116788321168,0.1307785888077859
