skps20108
2afb5c2cbd67ce59a9a89b0adc501754a23333a2b08c2eecf94e7d62ba4bc8d1
0.0,0.07429718875502007,0.23092369477911648,0.13654618473895583,0.13453815261044177,0.15528781793842034,0.11178045515394913,0.1566265060240964
0.0,0.06191222570532915,0.15125391849529782,0.24059561128526646,0.1206896551724138,0.19435736677115986,0.09482758620689655,0.13636363636363635
0.0,0.0659025787965616,0.19054441260744986,0.13753581661891118,0.12750716332378223,0.2507163323782235,0.09742120343839542,0.1303724928366762
0.0,0.07072135785007072,0.18741159830268742,0.173974540311174,0.14285714285714285,0.16478076379066478,0.11951909476661952,0.14073550212164074
0.0,0.06150341685649203,0.13895216400911162,0.1427486712224753,0.12832194381169323,0.22627182991647685,0.07289293849658314,0.22930903568716782
0.0,0.0576194086429113,0.15845337376800606,0.19863532979529946,0.1197877179681577,0.21455648218347234,0.10083396512509477,0.15011372251705837
0.0,0.05518945634266886,0.21993410214168038,0.14662273476112025,0.10626029654036244,0.19110378912685339,0.10873146622734761,0.17215815485996705
0.0,0.08765522279035792,0.19065010956902848,0.19357195032870708,0.07815924032140248,0.18188458728999268,0.11468224981738495,0.15339663988312638
0.0,0.05944272445820433,0.29473684210526313,0.15541795665634675,0.1281733746130031,0.1325077399380805,0.11145510835913312,0.11826625386996904
0.0,0.06167400881057269,0.20190895741556533,0.18355359765051396,0.16079295154185022,0.15198237885462554,0.1027900146842878,0.13729809104258445
0.0,0.03739679456046625,0.2093249150072851,0.15395823215152987,0.27586206896551724,0.14133074307916466,0.08984944147644487,0.09227780475959203
0.0,0.0701195219123506,0.1641434262948207,0.1752988047808765,0.12908366533864543,0.2103585657370518,0.12270916334661354,0.12828685258964143
0.0,0.06424148606811146,0.1780185758513932,0.16176470588235295,0.09907120743034056,0.19814241486068113,0.13544891640866874,0.163312693498452
0.0,0.0525328330206379,0.29768605378361473,0.1275797373358349,0.13883677298311445,0.1726078799249531,0.08505315822388994,0.12570356472795496
0.0,0.05544809800128949,0.26692456479690524,0.12637008381689233,0.15022566086395875,0.15860735009671179,0.11154094132817537,0.13088330109606705
0.0,0.06869688385269122,0.19192634560906516,0.1501416430594901,0.11118980169971672,0.2096317280453258,0.11827195467422097,0.1501416430594901
0.0,0.05474452554744526,0.2518248175182482,0.22141119221411193,0.11070559610705596,0.14720194647201945,0.0948905109489051,0.1192214111922141
0.0,0.058301647655259824,0.2224334600760456,0.18314321926489227,0.15272496831432192,0.17046894803548795,0.08428390367553866,0.12864385297845374
0.0,0.06424581005586592,0.1585195530726257,0.15502793296089384,0.15572625698324022,0.19483240223463688,0.12569832402234637,0.14594972067039105
0.0,0.04441976679622432,0.24097723486951694,0.1676846196557468,0.13436979455857856,0.19766796224319821,0.0832870627429206,0.13159355913381454
0.0,0.04203389830508475,0.2440677966101695,0.15457627118644068,0.14847457627118643,0.15389830508474575,0.10847457627118644,0.14847457627118643
0.0,0.06497386109036594,0.17923823749066467,0.15683345780433158,0.14936519790888722,0.1882001493651979,0.11202389843166542,0.14936519790888722
0.0,0.06365372374283895,0.20305537873965626,0.1514958625079567,0.16804583068109485,0.17950350095480586,0.11075747931253978,0.12348822406110757
0.0,0.05489260143198091,0.12350835322195704,0.13902147971360382,0.27804295942720764,0.16050119331742244,0.1276849642004773,0.11634844868735084
0.0,0.049842271293375394,0.12555205047318613,0.15709779179810726,0.1810725552050473,0.17981072555205047,0.10220820189274447,0.20441640378548895
0.0,0.056742815033161385,0.22033898305084745,0.1643330876934414,0.13706705969049374,0.20117907148120856,0.08548268238761975,0.1348563006632277
0.0,0.0603882099209202,0.14953271028037382,0.17397555715312724,0.16822429906542055,0.19482386772106397,0.11502516175413371,0.13803019410496045
0.0,0.07048458149779736,0.12481644640234948,0.15491923641703378,0.16740088105726872,0.1960352422907489,0.1262848751835536,0.16005873715124816
0.0,0.05736005528680028,0.1796821008984105,0.18382861091914304,0.15549412577747063,0.16724257083621286,0.1050449205252246,0.15134761575673808
0.0,0.058823529411764705,0.21122994652406418,0.1751336898395722,0.16042780748663102,0.17379679144385027,0.10160427807486631,0.11898395721925134
0.0,0.054455445544554455,0.13551980198019803,0.1875,0.15717821782178218,0.18007425742574257,0.11138613861386139,0.17388613861386137
0.0,0.06184291898577613,0.11564625850340136,0.19542362399505256,0.17996289424860853,0.22387136672850957,0.09894867037724181,0.12430426716141002
0.0,0.053063802905874924,0.2804801010739103,0.1749842072015161,0.1244472520530638,0.15350600126342387,0.10612760581174985,0.10739102969046115
0.0,0.06896551724137931,0.21655172413793103,0.1724137931034483,0.12689655172413794,0.1703448275862069,0.12689655172413794,0.11793103448275861
0.0,0.053883834849545134,0.17634709587123862,0.1469559132260322,0.1462561231630511,0.20363890832750176,0.13925822253324002,0.13365990202939118
0.0,0.0696969696969697,0.175,0.15,0.15984848484848485,0.19696969696969696,0.11363636363636363,0.13484848484848486
0.0,0.06758832565284179,0.18049155145929338,0.14208909370199693,0.15514592933947774,0.21274961597542244,0.0913978494623656,0.15053763440860216
0.0,0.0781733746130031,0.15712074303405574,0.16486068111455107,0.14628482972136223,0.19349845201238391,0.11687306501547988,0.14318885448916407
0.0,0.06461086637298091,0.19236417033773862,0.14684287812041116,0.17033773861967694,0.1776798825256975,0.14170337738619676,0.10646108663729809
0.0,0.06912096168294515,0.14124718256949662,0.15026296018031554,0.16453794139744554,0.18632607062359127,0.135236664162284,0.15326821938392185
0.0,0.06397306397306397,0.1925925925925926,0.1569023569023569,0.14612794612794613,0.18047138047138048,0.12188552188552189,0.13804713804713806
0.0,0.06058282208588957,0.15030674846625766,0.1656441717791411,0.18098159509202455,0.19861963190184048,0.12346625766871165,0.12039877300613497
0.0,0.07056145675265554,0.16919575113808802,0.15098634294385432,0.17298937784522003,0.20561456752655538,0.1062215477996965,0.1244309559939302
0.0,0.07470288624787776,0.15534804753820033,0.15110356536502548,0.15195246179966043,0.199490662139219,0.133276740237691,0.13412563667232597
0.0,0.07761194029850746,0.14701492537313432,0.14776119402985075,0.15895522388059702,0.1873134328358209,0.14776119402985075,0.1335820895522388
0.0,0.06093979441997063,0.13803230543318648,0.13362701908957417,0.1395007342143906,0.20484581497797358,0.1593245227606461,0.16372980910425844
0.0,0.0910569105691057,0.11138211382113822,0.15772357723577235,0.14227642276422764,0.2048780487804878,0.13983739837398373,0.15284552845528454
0.0,0.0703902065799541,0.12853863810252486,0.14154552410099464,0.17597551644988524,0.23718439173680184,0.10405508798775823,0.1423106350420811
0.0,0.07861635220125786,0.125,0.15959119496855345,0.1761006289308176,0.19654088050314467,0.11949685534591195,0.14465408805031446
0.0,0.07313064913722268,0.12900575184880855,0.16351684470008218,0.14543960558751026,0.19556285949055052,0.1372226787181594,0.1561216105176664
0.0,0.05460750853242321,0.12798634812286688,0.1353811149032992,0.11376564277588168,0.1621160409556314,0.19226393629124006,0.21387940841865757
0.0,0.06381192275398824,0.1494542401343409,0.15029387069689337,0.14777497900923595,0.20151133501259447,0.12762384550797648,0.15952980688497062
0.0,0.07588932806324111,0.14466403162055336,0.16047430830039525,0.13122529644268774,0.20790513833992094,0.12015810276679842,0.15968379446640316
0.0,0.07307060755336617,0.13218390804597702,0.1683087027914614,0.15435139573070608,0.21921182266009853,0.12151067323481117,0.13136288998357964
0.0,0.09330628803245436,0.0821501014198783,0.16734279918864098,0.07707910750507099,0.2484787018255578,0.14300202839756593,0.18864097363083165
0.0,0.07731958762886598,0.13144329896907217,0.15120274914089346,0.09879725085910653,0.22766323024054982,0.13745704467353953,0.17611683848797252
