skps201012
a403c2095df466e9f4592b521e3dff4877fa4b0a574c50cc45652ec44a77d434
0.0,0.08472622478386167,0.050720461095100866,0.0622478386167147,0.09279538904899136,0.050720461095100866,0.12680115273775217,0.12680115273775217,0.13429394812680115,0.14466858789625361,0.07550432276657061,0.050720461095100866
0.0,0.054252199413489736,0.043010752688172046,0.05767350928641251,0.1300097751710655,0.16959921798631475,0.12512218963831867,0.09237536656891496,0.08699902248289346,0.12756598240469208,0.07038123167155426,0.043010752688172046
0.0,0.06540623403168115,0.0398569238630557,0.12365866121614716,0.09555442003065917,0.07358201328564129,0.1308124680633623,0.1267245784363822,0.08686765457332651,0.11599386816555952,0.09862033725089422,0.04292284108329075
0.0,0.06789178152118427,0.03879530372639101,0.08218478815722308,0.08575803981623277,0.06533945890760592,0.10770801429300664,0.11638591117917305,0.1633486472690148,0.15313935681470137,0.07861153649821337,0.0408371618172537
0.0,0.0850246845858475,0.04388370817334065,0.10422380691168404,0.10038398244651674,0.05485463521667581,0.11958310477235326,0.13603949533735601,0.0877674163466813,0.12945693911135492,0.07734503565551289,0.061437191442676904
0.0,0.05148914689550732,0.03735487127713276,0.07168096920747097,0.099444724886421,0.07420494699646643,0.13427561837455831,0.11408379606259465,0.11559818273599193,0.16052498738011106,0.10297829379101464,0.03836446239273095
0.0,0.07327796775769418,0.03712750366389839,0.05666829506595017,0.10991695163654128,0.08793356130923302,0.12945774303859306,0.1255495847581827,0.0991695163654128,0.1538837322911578,0.09330727894479726,0.033707865168539325
0.0,0.08314220183486239,0.0481651376146789,0.06823394495412843,0.10435779816513761,0.052752293577981654,0.13761467889908258,0.0779816513761468,0.10378440366972477,0.1536697247706422,0.10378440366972477,0.06651376146788991
0.0,0.06556082148499211,0.030015797788309637,0.05924170616113744,0.07977883096366509,0.06279620853080568,0.10387045813586097,0.21287519747235387,0.10584518167456557,0.1915481832543444,0.06477093206951026,0.023696682464454975
0.0,0.061598951507208385,0.04193971166448231,0.06946264744429882,0.10397553516819572,0.06989951944080385,0.06989951944080385,0.2035823503713412,0.0856269113149847,0.16295325469637395,0.08038444735692442,0.05067715159458279
0.0,0.06573705179282868,0.04183266932270916,0.07071713147410359,0.07868525896414343,0.06274900398406374,0.09412350597609562,0.0901394422310757,0.08764940239043825,0.2639442231075697,0.08964143426294821,0.054780876494023904
0.0,0.0830576993752297,0.022050716648291068,0.07313487688349872,0.06137449467107681,0.047409040793825796,0.07350238882763689,0.3105475927967659,0.09996324880558619,0.12201396545387726,0.08122013965453877,0.025725836089672913
0.0,0.08540723981900453,0.051470588235294115,0.058823529411764705,0.1001131221719457,0.05542986425339366,0.12839366515837103,0.10520361990950226,0.1080316742081448,0.1425339366515837,0.10520361990950226,0.05938914027149321
0.0,0.07019328585961343,0.048830111902339775,0.061037639877924724,0.18463886063072227,0.07985757884028484,0.07884028484231943,0.10986775178026449,0.08290946083418108,0.10986775178026449,0.10579857578840285,0.0681586978636826
0.0,0.10346266166040885,0.03838130997079683,0.10221109720483938,0.15519399249061328,0.06424697538589905,0.13183145598664997,0.09428452231956612,0.08760951188986232,0.10596579057154777,0.07509386733416772,0.041718815185648725
0.0,0.10492157923201731,0.062195781503515415,0.09085992428339643,0.09464575446187128,0.06976744186046512,0.12547322877230935,0.08869659275283938,0.0897782585181179,0.13196322336398053,0.08112493239588967,0.06057328285559762
0.0,0.089058524173028,0.0366412213740458,0.08040712468193384,0.10534351145038168,0.08040712468193384,0.1083969465648855,0.13231552162849872,0.08346055979643766,0.13129770992366413,0.0916030534351145,0.061068702290076333
0.0,0.07527443805541036,0.03972817564035546,0.04391008886565604,0.10297961317302666,0.13643491897543125,0.11970726607422896,0.10141139571353894,0.07161526398327235,0.17616309461578672,0.07422895974908521,0.05854678515420805
0.0,0.10206185567010309,0.03505154639175258,0.06597938144329897,0.07577319587628865,0.06752577319587628,0.08608247422680412,0.20876288659793815,0.08247422680412371,0.11649484536082474,0.09690721649484536,0.06288659793814433
0.0,0.06501377410468319,0.05950413223140496,0.08760330578512397,0.1046831955922865,0.09311294765840221,0.10137741046831956,0.12947658402203857,0.08209366391184574,0.13829201101928373,0.0815426997245179,0.05730027548209366
0.0,0.07354618015963511,0.06157354618015964,0.09122006841505131,0.09806157354618016,0.052451539338654506,0.14424173318129987,0.08722919042189281,0.09350057012542759,0.15678449258836943,0.07981755986316989,0.06157354618015964
0.0,0.09610389610389611,0.03532467532467533,0.08883116883116883,0.07688311688311689,0.0664935064935065,0.1522077922077922,0.12727272727272726,0.0722077922077922,0.14077922077922078,0.07792207792207792,0.06597402597402598
0.0,0.06824385805277525,0.04367606915377616,0.0646041856232939,0.10600545950864422,0.15969062784349408,0.10646041856232939,0.08962693357597816,0.0718835304822566,0.1651501364877161,0.06642402183803457,0.05823475887170155
0.0,0.06554712892741062,0.05417118093174431,0.06717226435536294,0.09859154929577464,0.06933911159263272,0.1657638136511376,0.11375947995666305,0.09317443120260022,0.15763813651137595,0.05850487540628386,0.056338028169014086
0.0,0.05799588194921071,0.024708304735758406,0.06520247083047358,0.05662319835277969,0.057309540150995195,0.12182566918325326,0.11633493479752917,0.1818805765271105,0.24811256005490734,0.038435140700068635,0.031571722717913524
0.0,0.06506147540983606,0.055327868852459015,0.057889344262295084,0.08247950819672131,0.0783811475409836,0.10040983606557377,0.1834016393442623,0.09784836065573771,0.15112704918032788,0.0706967213114754,0.05737704918032787
0.0,0.08970099667774087,0.08194905869324474,0.06090808416389812,0.09745293466223699,0.06976744186046512,0.08970099667774087,0.11738648947951273,0.12292358803986711,0.12679955703211518,0.09689922480620156,0.046511627906976744
0.0,0.08758248350329934,0.0623875224955009,0.08818236352729454,0.10917816436712657,0.04799040191961608,0.13737252549490103,0.09418116376724656,0.09538092381523695,0.14097180563887224,0.08638272345530894,0.05038992201559688
0.0,0.06200971236458722,0.03436682853940979,0.06014194994396713,0.07396339185655584,0.04333208815838625,0.15016809861785582,0.15091520358610386,0.08591707134852447,0.25252147926783713,0.04669406051550243,0.03997011580127008
0.0,0.08025343189017951,0.06071805702217529,0.054910242872228086,0.07497360084477296,0.06388595564941922,0.11087645195353749,0.10348468848996832,0.0908130939809926,0.17053854276663147,0.14730728616684266,0.042238648363252376
0.0,0.06461816538635337,0.04338002711251695,0.06461816538635337,0.08404880253050158,0.01807501129688206,0.2114776321735201,0.15408947130591957,0.09624943515589697,0.1360144600090375,0.07501129688206055,0.05241753276095797
0.0,0.07636887608069164,0.04226705091258405,0.06292026897214217,0.08837656099903939,0.07204610951008646,0.11479346781940442,0.17579250720461095,0.10710854947166186,0.12439961575408261,0.08405379442843419,0.05187319884726225
0.0,0.06666666666666667,0.04885496183206107,0.06564885496183206,0.08600508905852418,0.07989821882951655,0.10178117048346055,0.13078880407124682,0.10737913486005089,0.15368956743002546,0.10025445292620865,0.059033078880407125
0.0,0.08080808080808081,0.05555555555555555,0.06790123456790123,0.08922558922558922,0.06341189674523008,0.09932659932659933,0.11167227833894501,0.09090909090909091,0.18069584736251404,0.09764309764309764,0.06285072951739619
0.0,0.0858739837398374,0.05538617886178862,0.0625,0.07469512195121951,0.1016260162601626,0.09502032520325203,0.12449186991869919,0.12804878048780488,0.1443089430894309,0.07520325203252033,0.052845528455284556
0.0,0.0716902145473574,0.06279434850863422,0.06645735217163788,0.11878597592883307,0.07535321821036106,0.09733124018838304,0.11041339612768185,0.09837781266352695,0.14704343275771847,0.10151753008895865,0.05023547880690738
0.0,0.07712486883525708,0.05246589716684155,0.05508919202518363,0.11332633788037776,0.06977964323189927,0.12381951731374606,0.09811122770199371,0.09286463798530954,0.1731374606505771,0.09338929695697797,0.05089192025183631
0.0,0.08818443804034583,0.0484149855907781,0.06974063400576369,0.10144092219020173,0.03688760806916427,0.1239193083573487,0.11181556195965418,0.09510086455331412,0.14985590778097982,0.10317002881844381,0.07146974063400577
0.0,0.07100881488736532,0.04897159647404505,0.06072477962781587,0.059745347698334964,0.06317335945151811,0.0969637610186092,0.222820763956905,0.06758080313418217,0.17189030362389815,0.0901077375122429,0.04701273261508325
0.0,0.07714422616195496,0.04791566842357451,0.0680402491614758,0.08960229995208434,0.06516530905606133,0.18016291327264014,0.11356013416387159,0.09151892668902731,0.11356013416387159,0.09199808337326305,0.061332055582175374
0.0,0.07037943696450429,0.06119951040391677,0.06976744186046512,0.11199510403916768,0.0587515299877601,0.11566707466340269,0.10832313341493269,0.09424724602203183,0.15299877600979192,0.09057527539779682,0.06609547123623011
0.0,0.08181818181818182,0.055757575757575756,0.07757575757575758,0.08181818181818182,0.06060606060606061,0.09818181818181818,0.10848484848484849,0.09515151515151515,0.18181818181818182,0.08606060606060606,0.07272727272727272
0.0,0.054455445544554455,0.05148514851485148,0.08217821782178218,0.08168316831683169,0.06386138613861386,0.1400990099009901,0.1405940594059406,0.08465346534653466,0.14752475247524752,0.07821782178217822,0.07524752475247524
0.0,0.08916586768935762,0.04793863854266539,0.04218600191754554,0.07574304889741132,0.038350910834132314,0.08197507190795782,0.07909875359539789,0.0934803451581975,0.32262703739213805,0.08101629913710451,0.048418024928092045
0.0,0.09806295399515738,0.05811138014527845,0.056295399515738496,0.08595641646489104,0.05569007263922518,0.11138014527845036,0.1053268765133172,0.0986682808716707,0.14709443099273609,0.1162227602905569,0.0671912832929782
0.0,0.11647429171038824,0.01888772298006296,0.09233997901364113,0.11909758656873033,0.0776495278069255,0.14480587618048268,0.10335781741867786,0.06505771248688352,0.13431269674711438,0.0776495278069255,0.05036726128016789
0.0,0.08213755566551212,0.047996041563582385,0.05937654626422563,0.08411677387431965,0.03958436417615042,0.21672439386442355,0.11232063334982682,0.07916872835230084,0.1682335477486393,0.061355764473033154,0.048985650667986144
0.0,0.07687651331719128,0.06295399515738499,0.07506053268765134,0.08716707021791767,0.05387409200968523,0.11803874092009685,0.11259079903147699,0.08656174334140436,0.15193704600484262,0.11380145278450363,0.061138014527845036
0.0,0.08410636982065553,0.05442176870748299,0.07482993197278912,0.09771181199752628,0.05380333951762523,0.09894867037724181,0.11193568336425479,0.08596165739022882,0.14780457637600494,0.13172541743970315,0.05875077303648732
0.0,0.06263736263736264,0.0489010989010989,0.10329670329670329,0.1054945054945055,0.035164835164835165,0.12307692307692308,0.11153846153846154,0.07307692307692308,0.17087912087912088,0.1043956043956044,0.06153846153846154
0.0,0.07058159232072275,0.040654997176736304,0.07001693958215698,0.09090909090909091,0.049689440993788817,0.12140033879164314,0.09881422924901186,0.08865047995482778,0.20327498588368154,0.09599096555618294,0.07001693958215698
0.0,0.07112970711297072,0.05499103407053198,0.06694560669456066,0.114166168559474,0.0794979079497908,0.1159593544530783,0.09982068141063957,0.09503885236102809,0.1470412432755529,0.08846383741781232,0.06694560669456066
