skps20106
13d42d1c5d7e8572806273919a400ba26c948c86dece3931644f36053b638929
0.0,0.25100806451612906,0.21471774193548387,0.16834677419354838,0.1622983870967742,0.20362903225806453
0.0,0.2385496183206107,0.1898854961832061,0.18702290076335878,0.1946564885496183,0.1898854961832061
0.0,0.28830645161290325,0.1935483870967742,0.18346774193548387,0.1905241935483871,0.14415322580645162
0.0,0.19689737470167065,0.20883054892601433,0.19451073985680192,0.19928400954653938,0.20047732696897375
0.0,0.17828685258964144,0.21115537848605578,0.2689243027888446,0.18824701195219123,0.15338645418326693
0.0,0.16462841015992474,0.2116650987770461,0.29350893697083724,0.19943555973659455,0.13076199435559738
0.0,0.19313304721030042,0.24034334763948498,0.194206008583691,0.22424892703862662,0.148068669527897
0.0,0.10545998504113688,0.5048616305160808,0.1293941660433807,0.12266267763649963,0.137621540762902
0.0,0.1775486827033219,0.21764032073310424,0.19243986254295534,0.21305841924398625,0.19931271477663232
0.0,0.19099890230515917,0.24588364434687157,0.17014270032930845,0.2305159165751921,0.16245883644346873
0.0,0.18779342723004694,0.19953051643192488,0.19953051643192488,0.22417840375586853,0.18896713615023475
0.0,0.16262135922330098,0.2536407766990291,0.18810679611650485,0.2196601941747573,0.17597087378640777
0.0,0.19125,0.21125,0.19625,0.23375,0.1675
0.0,0.1505466778805719,0.3103448275862069,0.14634146341463414,0.20689655172413793,0.18587047939444912
0.0,0.14728682170542637,0.24806201550387597,0.19552110249784668,0.2351421188630491,0.1739879414298019
0.0,0.1735261401557286,0.21468298109010012,0.19132369299221358,0.22914349276974416,0.19132369299221358
0.0,0.1710079275198188,0.21970554926387317,0.19592298980747452,0.21970554926387317,0.19365798414496035
0.0,0.14528301886792452,0.31886792452830187,0.1471698113207547,0.20943396226415095,0.1792452830188679
0.0,0.17114427860696518,0.25472636815920396,0.1880597014925373,0.21592039800995025,0.1701492537313433
0.0,0.11962931760741365,0.2013479359730413,0.16764953664700927,0.3201347935973041,0.19123841617523168
0.0,0.13027522935779817,0.21192660550458717,0.19357798165137616,0.28807339449541286,0.1761467889908257
0.0,0.1495076096687556,0.23545210384959714,0.17815577439570277,0.24977618621307074,0.18710832587287377
0.0,0.17166979362101314,0.24577861163227016,0.20356472795497185,0.2073170731707317,0.17166979362101314
0.0,0.18127490039840638,0.21115537848605578,0.21912350597609562,0.21912350597609562,0.1693227091633466
0.0,0.1831537708129285,0.22722820763956905,0.18707149853085211,0.22624877571008814,0.1762977473065622
0.0,0.16114285714285714,0.23085714285714284,0.2,0.22171428571428572,0.18628571428571428
0.0,0.16847826086956522,0.22065217391304348,0.18369565217391304,0.2684782608695652,0.15869565217391304
0.0,0.1672394043528064,0.21305841924398625,0.2073310423825888,0.21878579610538373,0.19358533791523483
0.0,0.1700356718192628,0.2413793103448276,0.20451843043995244,0.22235434007134364,0.16171224732461356
0.0,0.15258511979823455,0.23203026481715006,0.2068095838587642,0.21563682219419925,0.19293820933165196
0.0,0.13064713064713065,0.21001221001221002,0.23809523809523808,0.21367521367521367,0.20757020757020758
0.0,0.16290726817042606,0.22055137844611528,0.20175438596491227,0.24812030075187969,0.16666666666666666
0.0,0.1346153846153846,0.22956730769230768,0.22115384615384615,0.234375,0.18028846153846154
0.0,0.12131519274376418,0.24036281179138322,0.20294784580498867,0.24489795918367346,0.19047619047619047
0.0,0.15224534501642936,0.23658269441401972,0.19605695509309967,0.22234392113910187,0.1927710843373494
0.0,0.1394335511982571,0.24074074074074073,0.18627450980392157,0.24074074074074073,0.19281045751633988
0.0,0.16173120728929385,0.2460136674259681,0.1765375854214123,0.21070615034168566,0.20501138952164008
0.0,0.15668202764976957,0.2119815668202765,0.21658986175115208,0.2119815668202765,0.20276497695852536
0.0,0.12542087542087543,0.17003367003367004,0.1388888888888889,0.42508417508417506,0.14057239057239057
0.0,0.22966507177033493,0.215311004784689,0.18779904306220097,0.21291866028708134,0.15430622009569378
0.0,0.15632754342431762,0.20967741935483872,0.17990074441687345,0.2630272952853598,0.19106699751861042
0.0,0.1350407450523865,0.22933643771827705,0.1781140861466822,0.2689173457508731,0.18859138533178113
0.0,0.15048543689320387,0.20388349514563106,0.22572815533980584,0.2087378640776699,0.2111650485436893
0.0,0.1651376146788991,0.2511467889908257,0.1834862385321101,0.231651376146789,0.16857798165137614
0.0,0.14238042269187987,0.22803114571746386,0.19577308120133483,0.26807563959955505,0.1657397107897664
0.0,0.15334207077326342,0.21887287024901703,0.20707732634338138,0.23328964613368283,0.1874180865006553
0.0,0.12195121951219512,0.24634146341463414,0.1975609756097561,0.23414634146341465,0.2
0.0,0.141439205955335,0.22952853598014888,0.21215880893300249,0.22084367245657568,0.19602977667493796
0.0,0.15771428571428572,0.24,0.20457142857142857,0.24914285714285714,0.14857142857142858
0.0,0.14012096774193547,0.22983870967741934,0.14919354838709678,0.3245967741935484,0.15625
0.0,0.19058823529411764,0.23411764705882354,0.19058823529411764,0.24235294117647058,0.1423529411764706
0.0,0.10212765957446808,0.2652482269503546,0.2226950354609929,0.22836879432624113,0.18156028368794327
0.0,0.14818880351262348,0.23819978046103182,0.18331503841931943,0.23819978046103182,0.19209659714599342
0.0,0.15600448933782268,0.19977553310886645,0.1941638608305275,0.26374859708193044,0.186307519640853
0.0,0.21046643913538113,0.16040955631399317,0.24004550625711035,0.1899886234357224,0.19908987485779295
0.0,0.15784114052953158,0.18024439918533605,0.20773930753564154,0.2535641547861507,0.20061099796334012
0.0,0.11360718870346598,0.12259306803594351,0.11360718870346598,0.5648267008985879,0.08536585365853659
0.0,0.2017738359201774,0.18957871396895787,0.2039911308203991,0.24390243902439024,0.1607538802660754
0.0,0.15151515151515152,0.2435064935064935,0.16558441558441558,0.2554112554112554,0.18398268398268397
0.0,0.14622178606476938,0.30814524043179586,0.1364082433758587,0.24435721295387636,0.1648675171736997
0.0,0.16265060240963855,0.2710843373493976,0.16666666666666666,0.2640562248995984,0.1355421686746988
0.0,0.14327485380116958,0.1968810916179337,0.18226120857699804,0.2709551656920078,0.20662768031189083
0.0,0.1820469798657718,0.18875838926174496,0.17953020134228187,0.2273489932885906,0.22231543624161074
0.0,0.18795180722891566,0.19116465863453816,0.20321285140562248,0.2714859437751004,0.1461847389558233
0.0,0.14527845036319612,0.2784503631961259,0.1824051654560129,0.26150121065375304,0.13236481033091202
0.0,0.1306005719733079,0.2449952335557674,0.17921830314585319,0.2726406101048618,0.17254528122020973
0.0,0.12487899322362052,0.2313649564375605,0.17521781219748306,0.29138431752178123,0.1771539206195547
0.0,0.16333938294010888,0.25499092558983666,0.21234119782214156,0.20689655172413793,0.16243194192377494
0.0,0.17114427860696518,0.25671641791044775,0.18507462686567164,0.21691542288557214,0.1701492537313433
0.0,0.11426040744021258,0.2550930026572188,0.1753764393268379,0.31178033658104515,0.14348981399468555
0.0,0.12806539509536785,0.23796548592188918,0.17075386012715713,0.3042688465031789,0.1589464123524069
0.0,0.45727482678983833,0.20554272517321015,0.11374133949191687,0.12182448036951501,0.10161662817551963
0.0,0.12786596119929453,0.29894179894179895,0.1455026455026455,0.25749559082892415,0.17019400352733685
0.0,0.12719665271966527,0.33305439330543934,0.17154811715481172,0.21338912133891214,0.15481171548117154
0.0,0.13660245183887915,0.2381786339754816,0.17425569176882663,0.29859894921190894,0.15236427320490367
0.0,0.13945086705202311,0.3208092485549133,0.12427745664739884,0.28901734104046245,0.12644508670520233
0.0,0.17590361445783131,0.2281124497991968,0.1895582329317269,0.26586345381526105,0.14056224899598393
0.0,0.12857142857142856,0.25535714285714284,0.18571428571428572,0.2544642857142857,0.17589285714285716
0.0,0.1483704974271012,0.2915951972555746,0.1483704974271012,0.25471698113207547,0.1569468267581475
0.0,0.12668250197941408,0.28741092636579574,0.1496437054631829,0.273950910530483,0.1623119556611243
0.0,0.1297640653357532,0.2604355716878403,0.17150635208711434,0.2885662431941924,0.14972776769509982
0.0,0.14192949907235622,0.3042671614100185,0.17532467532467533,0.22263450834879406,0.15584415584415584
0.0,0.12678741658722592,0.2612011439466158,0.17063870352716873,0.29361296472831266,0.14775977121067682
0.0,0.13239719157472418,0.26078234704112335,0.1765295887662989,0.24674022066198595,0.18355065195586762
0.0,0.16023738872403562,0.22403560830860533,0.1795252225519288,0.26409495548961426,0.17210682492581603
0.0,0.12852311161217586,0.2773393461104848,0.1984216459977452,0.23111612175873733,0.16459977452085683
