yuan10
6e57cb38ced6b16ac5d9d881fb68fc940e3df0c0036d8418b1d12ab3bd800533
0.0,0.03106936416184971,0.2203757225433526,0.12138728323699421,0.08092485549132948,0.10260115606936417,0.14378612716763006,0.06719653179190752,0.08236994219653179,0.15028901734104047
0.0,0.06510416666666667,0.10416666666666667,0.1623263888888889,0.09114583333333333,0.0920138888888889,0.1640625,0.0798611111111111,0.0920138888888889,0.14930555555555555
0.0,0.04820261437908497,0.06862745098039216,0.15522875816993464,0.05228758169934641,0.06209150326797386,0.13970588235294118,0.058823529411764705,0.07516339869281045,0.33986928104575165
0.0,0.04704875962360992,0.058169375534645,0.08896492728828058,0.037639007698887936,0.1009409751924722,0.3481608212147134,0.05731394354148845,0.10521813515825491,0.15654405474764757
0.0,0.08641975308641975,0.047325102880658436,0.12551440329218108,0.06584362139917696,0.10905349794238683,0.2109053497942387,0.09465020576131687,0.10082304526748971,0.15946502057613168
0.0,0.04308202154101077,0.07207953603976802,0.23612261806130902,0.09942004971002485,0.0463960231980116,0.14250207125103562,0.07207953603976802,0.07539353769676885,0.21292460646230324
0.0,0.0160857908847185,0.11796246648793565,0.14298480786416443,0.0580875781948168,0.0938337801608579,0.18230563002680966,0.0777479892761394,0.09830205540661305,0.2126899016979446
0.0,0.07516650808753568,0.058039961941008564,0.10941960038058991,0.039961941008563276,0.1493815413891532,0.20076117982873454,0.08372978116079924,0.11132254995242626,0.17221693625118933
0.0,0.024390243902439025,0.125,0.10264227642276423,0.06808943089430894,0.08028455284552846,0.18800813008130082,0.07317073170731707,0.12398373983739837,0.21443089430894308
0.0,0.018853102906520033,0.10133542812254517,0.192458758837392,0.10054988216810684,0.060487038491751764,0.1861743912018853,0.08719560094265515,0.10761979575805185,0.1453260015710919
0.0,0.05795454545454545,0.08636363636363636,0.13522727272727272,0.060227272727272727,0.12272727272727273,0.18522727272727274,0.07727272727272727,0.09886363636363636,0.17613636363636365
0.0,0.03418803418803419,0.11016144349477683,0.11396011396011396,0.1168091168091168,0.06647673314339982,0.15669515669515668,0.13105413105413105,0.13580246913580246,0.13485280151946819
0.0,0.01824817518248175,0.10583941605839416,0.15328467153284672,0.09854014598540146,0.09124087591240876,0.1468978102189781,0.10675182481751824,0.10127737226277372,0.17791970802919707
0.0,0.02960222016651249,0.10638297872340426,0.12025901942645699,0.04070305272895467,0.11563367252543941,0.15818686401480112,0.07400555041628122,0.08973172987974098,0.26549491211840887
0.0,0.039819004524886875,0.1167420814479638,0.1411764705882353,0.07873303167420814,0.09502262443438914,0.17375565610859728,0.0760180995475113,0.11221719457013575,0.1665158371040724
0.0,0.0416243654822335,0.08934010152284264,0.10558375634517767,0.06903553299492386,0.10152284263959391,0.16243654822335024,0.08426395939086294,0.09238578680203045,0.25380710659898476
0.0,0.05445026178010471,0.10366492146596859,0.38534031413612563,0.0020942408376963353,0.004188481675392671,0.06387434554973823,0.09214659685863874,0.09738219895287958,0.1968586387434555
0.0,0.03959484346224678,0.08379373848987108,0.13259668508287292,0.1289134438305709,0.08011049723756906,0.141804788213628,0.10220994475138122,0.09023941068139964,0.2007366482504604
0.0,0.05193578847969783,0.08876298394711993,0.11331444759206799,0.053824362606232294,0.11520302171860246,0.15675165250236073,0.1048158640226629,0.10103871576959396,0.21435316336166194
0.0,0.04263565891472868,0.10852713178294573,0.14244186046511628,0.1124031007751938,0.09205426356589147,0.14437984496124032,0.09593023255813954,0.06298449612403101,0.19864341085271317
0.0,0.034739454094292806,0.1054590570719603,0.09305210918114144,0.09057071960297766,0.10421836228287841,0.20719602977667495,0.05334987593052109,0.11538461538461539,0.19602977667493796
0.0,0.048478015783540024,0.10033821871476889,0.08568207440811725,0.058624577226606536,0.12175873731679819,0.19729425028184894,0.12175873731679819,0.04509582863585118,0.2209695603156708
0.0,0.05056179775280899,0.10224719101123596,0.09438202247191012,0.08202247191011236,0.1258426966292135,0.17865168539325843,0.0898876404494382,0.06853932584269663,0.20786516853932585
0.0,0.03785488958990536,0.0935856992639327,0.10199789695057834,0.07045215562565721,0.11882229232386961,0.1608832807570978,0.11356466876971609,0.054679284963196635,0.24815983175604628
0.0,0.04639175257731959,0.09896907216494845,0.12268041237113401,0.04639175257731959,0.11443298969072165,0.15670103092783505,0.11855670103092783,0.058762886597938144,0.23711340206185566
0.0,0.01975051975051975,0.12785862785862787,0.104989604989605,0.06340956340956341,0.10914760914760915,0.1683991683991684,0.0997920997920998,0.09875259875259876,0.2079002079002079
0.0,0.06992230854605994,0.12097669256381798,0.11875693673695893,0.06215316315205328,0.08879023307436182,0.17314095449500555,0.08435072142064373,0.04772475027746948,0.2341842397336293
0.0,0.05313588850174216,0.11498257839721254,0.21080139372822299,0.10365853658536585,0.0627177700348432,0.11411149825783973,0.10540069686411149,0.047038327526132406,0.18815331010452963
0.0,0.03213957759412305,0.1111111111111111,0.16069788797061524,0.0844811753902663,0.09182736455463728,0.11386593204775022,0.12947658402203857,0.08723599632690542,0.1891643709825528
0.0,0.06280788177339902,0.07019704433497537,0.11822660098522167,0.08866995073891626,0.09852216748768473,0.15270935960591134,0.1268472906403941,0.07512315270935961,0.20689655172413793
0.0,0.02577873254564984,0.13533834586466165,0.08915145005370569,0.09881847475832438,0.09559613319011816,0.14178302900107412,0.13426423200859292,0.05692803437164339,0.22234156820622986
0.0,0.028361344537815126,0.14285714285714285,0.08298319327731092,0.08928571428571429,0.09663865546218488,0.14705882352941177,0.1134453781512605,0.08928571428571429,0.21008403361344538
0.0,0.03764705882352941,0.2549019607843137,0.1380392156862745,0.09568627450980392,0.06588235294117648,0.12549019607843137,0.07764705882352942,0.07137254901960784,0.13333333333333333
0.0,0.04093567251461988,0.08939014202172096,0.29490392648287383,0.08688387635756056,0.06015037593984962,0.13032581453634084,0.08187134502923976,0.07518796992481203,0.14035087719298245
0.0,0.04675876726886291,0.13496280552603612,0.10201912858660998,0.09351753453772582,0.09776833156216791,0.153028692879915,0.08926673751328375,0.11370882040382571,0.1689691817215728
0.0,0.03481012658227848,0.14135021097046413,0.10548523206751055,0.06751054852320675,0.0970464135021097,0.14451476793248946,0.11075949367088607,0.06434599156118144,0.23417721518987342
0.0,0.024977698483496878,0.15789473684210525,0.1694915254237288,0.09009812667261374,0.08831400535236396,0.1302408563782337,0.08831400535236396,0.06422836752899197,0.1864406779661017
0.0,0.04528763769889841,0.0966952264381885,0.09791921664626684,0.07833537331701346,0.11260709914320685,0.13096695226438188,0.13219094247246022,0.008567931456548347,0.2974296205630355
0.0,0.050106609808102345,0.10341151385927505,0.13326226012793177,0.07249466950959488,0.11087420042643924,0.1417910447761194,0.09808102345415778,0.08528784648187633,0.2046908315565032
0.0,0.04113924050632911,0.1160337552742616,0.15084388185654007,0.007383966244725738,0.14556962025316456,0.14662447257383968,0.12130801687763713,0.017932489451476793,0.25316455696202533
0.0,0.025983667409057165,0.10022271714922049,0.11581291759465479,0.07201187824795843,0.06384558277654045,0.29992576095025986,0.10096510764662213,0.06533036377134373,0.155902004454343
0.0,0.03457943925233645,0.17757009345794392,0.16542056074766356,0.09345794392523364,0.08224299065420561,0.11775700934579439,0.09719626168224299,0.037383177570093455,0.19439252336448598
0.0,0.0395010395010395,0.09424809424809424,0.10117810117810118,0.07692307692307693,0.07553707553707553,0.3173943173943174,0.11850311850311851,0.04781704781704782,0.1288981288981289
0.0,0.07909604519774012,0.04745762711864407,0.09943502824858758,0.06327683615819209,0.10282485875706214,0.16045197740112993,0.13898305084745763,0.024858757062146894,0.28361581920903955
0.0,0.04048582995951417,0.12651821862348178,0.0931174089068826,0.06376518218623482,0.11336032388663968,0.1548582995951417,0.11740890688259109,0.10728744939271255,0.18319838056680163
0.0,0.027079303675048357,0.1286266924564797,0.09671179883945841,0.045454545454545456,0.10831721470019343,0.15377176015473887,0.1470019342359768,0.027079303675048357,0.26595744680851063
0.0,0.045714285714285714,0.08897959183673469,0.10204081632653061,0.060408163265306125,0.08897959183673469,0.11673469387755102,0.2146938775510204,0.12979591836734694,0.1526530612244898
0.0,0.053,0.091,0.085,0.043,0.127,0.173,0.124,0.135,0.169
0.0,0.061619718309859156,0.09242957746478873,0.17253521126760563,0.05545774647887324,0.11267605633802817,0.12411971830985916,0.12588028169014084,0.11707746478873239,0.1382042253521127
0.0,0.05783132530120482,0.09879518072289156,0.10963855421686747,0.06265060240963856,0.1927710843373494,0.10722891566265061,0.07108433734939759,0.11686746987951807,0.18313253012048192
0.0,0.054982817869415807,0.1156930126002291,0.09736540664375716,0.06300114547537228,0.11912943871706758,0.14891179839633448,0.09621993127147767,0.06987399770904926,0.23482245131729668
0.0,0.028112449799196786,0.13453815261044177,0.08734939759036145,0.04819277108433735,0.12349397590361445,0.14357429718875503,0.12048192771084337,0.11044176706827309,0.20381526104417672
0.0,0.06666666666666667,0.16417910447761194,0.13532338308457711,0.07860696517412935,0.07960199004975124,0.14228855721393036,0.07661691542288557,0.08258706467661692,0.17412935323383086
0.0,0.041278295605858856,0.10652463382157124,0.12250332889480692,0.02529960053262317,0.1384820239680426,0.17842876165113183,0.05459387483355526,0.11318242343541944,0.2197070572569907
0.0,0.018518518518518517,0.1400462962962963,0.10069444444444445,0.03819444444444445,0.1423611111111111,0.16087962962962962,0.0787037037037037,0.09375,0.22685185185185186
0.0,0.016286644951140065,0.16178067318132464,0.12160694896851248,0.014115092290988056,0.1487513572204126,0.1791530944625407,0.06080347448425624,0.10423452768729642,0.19326818675352878
0.0,0.050731707317073174,0.13170731707317074,0.15317073170731707,0.08682926829268292,0.0897560975609756,0.1473170731707317,0.10146341463414635,0.08585365853658537,0.15317073170731707
0.0,0.04198473282442748,0.11641221374045801,0.11545801526717557,0.02385496183206107,0.11927480916030535,0.1765267175572519,0.15076335877862596,0.1049618320610687,0.15076335877862596
0.0,0.04383282364933741,0.11926605504587157,0.12640163098878696,0.04892966360856269,0.11314984709480122,0.15086646279306828,0.12232415902140673,0.06625891946992865,0.2089704383282365
0.0,0.06197854588796186,0.11323003575685339,0.13587604290822408,0.03694874851013111,0.11442193087008343,0.17878426698450536,0.08581644815256258,0.057210965435041714,0.21573301549463647
0.0,0.06614349775784753,0.10874439461883408,0.12443946188340807,0.026905829596412557,0.1210762331838565,0.15134529147982062,0.0930493273542601,0.0952914798206278,0.21300448430493274
0.0,0.05616740088105727,0.13876651982378854,0.16299559471365638,0.0022026431718061676,0.13986784140969163,0.18722466960352424,0.012114537444933921,0.11784140969162996,0.1828193832599119
0.0,0.05143540669856459,0.11004784688995216,0.11124401913875598,0.05263157894736842,0.1291866028708134,0.15669856459330145,0.09090909090909091,0.09569377990430622,0.2021531100478469
0.0,0.036954087346024636,0.13885778275475924,0.13885778275475924,0.02127659574468085,0.15677491601343785,0.16573348264277715,0.06159014557670773,0.0940649496080627,0.1858902575587906
0.0,0.05745212323064113,0.08492922564529559,0.08992506244796003,0.07660283097418817,0.1740216486261449,0.1540383014154871,0.0890924229808493,0.11240632805995004,0.16153205661948378
0.0,0.048859934853420196,0.10423452768729642,0.09554831704668838,0.04777415852334419,0.1259500542888165,0.17263843648208468,0.0988056460369164,0.11292073832790445,0.19326818675352878
0.0,0.07395833333333333,0.11041666666666666,0.121875,0.023958333333333335,0.1375,0.19895833333333332,0.075,0.09583333333333334,0.1625
0.0,0.022271714922048998,0.1447661469933185,0.11469933184855234,0.026726057906458798,0.13028953229398663,0.18374164810690424,0.0757238307349666,0.13919821826280623,0.16258351893095768
0.0,0.06735266604303088,0.1038353601496726,0.13564078578110383,0.07857811038353602,0.06361085126286249,0.1992516370439663,0.10477081384471469,0.09915809167446211,0.14780168381665107
0.0,0.054780876494023904,0.12749003984063745,0.13545816733067728,0.00199203187250996,0.13844621513944222,0.16235059760956175,0.11653386454183266,0.10557768924302789,0.15737051792828685
0.0,0.0407098121085595,0.13465553235908143,0.13465553235908143,0.029227557411273485,0.1336116910229645,0.15866388308977036,0.10020876826722339,0.10438413361169102,0.1638830897703549
0.0,0.05414364640883978,0.16906077348066298,0.10165745856353592,0.057458563535911604,0.10165745856353592,0.17016574585635358,0.0707182320441989,0.09392265193370165,0.18121546961325966
0.0,0.038135593220338986,0.1260593220338983,0.11440677966101695,0.020127118644067795,0.125,0.22351694915254236,0.0646186440677966,0.10911016949152542,0.17902542372881355
0.0,0.02545068928950159,0.16224814422057265,0.0975609756097561,0.07211028632025451,0.09331919406150584,0.17179215270413573,0.07317073170731707,0.11876988335100742,0.1855779427359491
0.0,0.06140350877192982,0.10428849902534112,0.1783625730994152,0.001949317738791423,0.13157894736842105,0.17153996101364521,0.10038986354775828,0.07504873294346978,0.17543859649122806
0.0,0.061037639877924724,0.10478128179043744,0.12614445574771108,0.03763987792472025,0.10783316378433368,0.14140386571719227,0.12309257375381485,0.06307222787385554,0.23499491353001017
0.0,0.04697380307136405,0.12195121951219512,0.14543812104787715,0.05871725383920506,0.13188798554652212,0.11924119241192412,0.11924119241192412,0.07226738934056007,0.1842818428184282
0.0,0.04864864864864865,0.11711711711711711,0.14594594594594595,0.062162162162162166,0.1009009009009009,0.11891891891891893,0.13333333333333333,0.0990990990990991,0.17387387387387387
0.0,0.057663125948406675,0.1047040971168437,0.20409711684370258,0.08801213960546282,0.07359635811836115,0.13201820940819423,0.10925644916540213,0.07511380880121396,0.15553869499241274
0.0,0.024096385542168676,0.15863453815261044,0.14759036144578314,0.05622489959839357,0.08734939759036145,0.1536144578313253,0.09236947791164658,0.0893574297188755,0.19076305220883535
0.0,0.04058721934369603,0.13471502590673576,0.10967184801381692,0.1079447322970639,0.07599309153713299,0.1848013816925734,0.1070811744386874,0.08721934369602763,0.15198618307426598
0.0,0.03345724907063197,0.11338289962825279,0.1570631970260223,0.011152416356877323,0.13382899628252787,0.17007434944237917,0.07434944237918216,0.11802973977695168,0.18866171003717472
0.0,0.03611738148984198,0.09255079006772009,0.308502633559067,0.07298720842738901,0.09480812641083522,0.11963882618510158,0.07599699021820917,0.09104589917231001,0.10835214446952596
0.0,0.057459677419354836,0.11391129032258064,0.16129032258064516,0.024193548387096774,0.1431451612903226,0.12096774193548387,0.11290322580645161,0.09173387096774194,0.1743951612903226
0.0,0.05236051502145923,0.11931330472103004,0.11931330472103004,0.05150214592274678,0.11502145922746781,0.12532188841201716,0.1167381974248927,0.11931330472103004,0.1811158798283262
0.0,0.03727865796831314,0.14818266542404473,0.16775396085740912,0.06989748369058714,0.08294501397949673,0.15191053122087605,0.10344827586206896,0.0754892823858341,0.16309412861137
0.0,0.040566037735849055,0.12641509433962264,0.12075471698113208,0.06415094339622641,0.1018867924528302,0.12830188679245283,0.1169811320754717,0.07735849056603773,0.22358490566037736
0.0,0.08672936259143156,0.109717868338558,0.12225705329153605,0.04911180773249739,0.1180773249738767,0.16927899686520376,0.06687565308254964,0.07001044932079414,0.20794148380355276
0.0,0.03819444444444445,0.1484375,0.1293402777777778,0.08680555555555555,0.0798611111111111,0.12413194444444445,0.12152777777777778,0.078125,0.1935763888888889
0.0,0.05390835579514825,0.13836477987421383,0.08715184186882301,0.0646900269541779,0.10332434860736747,0.1320754716981132,0.13926325247079965,0.05750224618149147,0.22371967654986524
0.0,0.06324110671936758,0.09486166007905138,0.11857707509881422,0.043478260869565216,0.11264822134387352,0.1590909090909091,0.11067193675889328,0.13043478260869565,0.16699604743083005
0.0,0.05,0.10288461538461538,0.11153846153846154,0.041346153846153845,0.10096153846153846,0.16346153846153846,0.10384615384615385,0.11826923076923077,0.2076923076923077
0.0,0.05416666666666667,0.10416666666666667,0.11666666666666667,0.07916666666666666,0.0875,0.15104166666666666,0.1125,0.11145833333333334,0.18333333333333332
