yuan12
a403c2095df466e9f4592b521e3dff4877fa4b0a574c50cc45652ec44a77d434
0.0,0.072992700729927,0.03795620437956204,0.058394160583941604,0.13065693430656936,0.008029197080291971,0.09927007299270073,0.1686131386861314,0.08467153284671533,0.11605839416058394,0.08175182481751825,0.1416058394160584
0.0,0.054140127388535034,0.06050955414012739,0.03264331210191083,0.11863057324840764,0.004777070063694267,0.07165605095541401,0.15764331210191082,0.09554140127388536,0.1393312101910828,0.11544585987261147,0.14968152866242038
0.0,0.07025920873124147,0.040927694406548434,0.02455661664392906,0.11255115961800818,0.007503410641200546,0.08185538881309687,0.16780354706684858,0.09618008185538882,0.15006821282401092,0.12414733969986358,0.12414733969986358
0.0,0.04249485949280329,0.0520904729266621,0.03289924605894448,0.12611377655928718,0.025359835503769704,0.07059629883481837,0.22001370801919123,0.01782042494859493,0.1788896504455106,0.10692254969156957,0.12679917751884853
0.0,0.05848291835552982,0.023161551823972205,0.03647944412275622,0.09959467284308049,0.05732484076433121,0.05848291835552982,0.25130283729009845,0.09727851766068327,0.13317892298784018,0.08511870295309786,0.09959467284308049
0.0,0.060133630289532294,0.0378619153674833,0.0334075723830735,0.10746102449888642,0.02505567928730512,0.06291759465478843,0.12694877505567928,0.08797327394209355,0.10746102449888642,0.0957683741648107,0.25501113585746105
0.0,0.0830860534124629,0.03635014836795252,0.0586053412462908,0.12166172106824925,0.034866468842729974,0.06602373887240356,0.16839762611275966,0.08011869436201781,0.12759643916913946,0.11350148367952523,0.10979228486646884
0.0,0.06274256144890039,0.0278137128072445,0.03622250970245795,0.1093143596377749,0.004527813712807244,0.07761966364812418,0.15135834411384216,0.1371280724450194,0.17141009055627426,0.12483829236739974,0.09702457956015524
0.0,0.061046511627906974,0.032703488372093026,0.05813953488372093,0.10247093023255814,0.0377906976744186,0.0755813953488372,0.18023255813953487,0.09375,0.15988372093023256,0.13154069767441862,0.06686046511627906
0.0,0.05957719410634209,0.028827674567584883,0.03843689942344651,0.09993593850096093,0.03587443946188341,0.06149903907751442,0.1441383728379244,0.09352978859705317,0.15054452274183217,0.17680973734785393,0.1108263933376041
0.0,0.06793478260869565,0.03260869565217391,0.04891304347826087,0.13858695652173914,0.035326086956521736,0.08491847826086957,0.15625,0.109375,0.11616847826086957,0.10529891304347826,0.10461956521739131
0.0,0.07630813953488372,0.0436046511627907,0.05813953488372093,0.10610465116279069,0.06613372093023256,0.05232558139534884,0.16642441860465115,0.09302325581395349,0.10101744186046512,0.11918604651162791,0.11773255813953488
0.0,0.08392101551480959,0.039492242595204514,0.07545839210155147,0.1227080394922426,0.06205923836389281,0.06488011283497884,0.15585331452750353,0.06488011283497884,0.15021156558533144,0.0846262341325811,0.09590973201692525
0.0,0.052698412698412696,0.03365079365079365,0.040634920634920635,0.10539682539682539,0.050793650793650794,0.06412698412698413,0.1726984126984127,0.11301587301587301,0.10793650793650794,0.16444444444444445,0.0946031746031746
0.0,0.07778608825729244,0.03889304412864622,0.056843679880329095,0.11967090501121914,0.044128646222887064,0.07255048616305161,0.16604338070306657,0.08152580403889305,0.13911742707554225,0.12490650710545999,0.07853403141361257
0.0,0.0852233676975945,0.04054982817869416,0.05910652920962199,0.12508591065292096,0.06941580756013746,0.07628865979381444,0.15189003436426116,0.10446735395189004,0.12920962199312716,0.09072164948453608,0.06804123711340206
0.0,0.062381852551984876,0.03843730308758664,0.04977945809703844,0.26339004410838057,0.06364209199747953,0.054820415879017016,0.12476370510396975,0.0856962822936358,0.06994328922495274,0.08254568367989919,0.10459987397605545
0.0,0.06860158311345646,0.03430079155672823,0.047493403693931395,0.10883905013192612,0.05013192612137203,0.05804749340369393,0.1879947229551451,0.13522427440633245,0.11873350923482849,0.08179419525065963,0.10883905013192612
0.0,0.06638714185883997,0.037037037037037035,0.058001397624039136,0.13556953179594688,0.06988120195667366,0.061495457721872815,0.13626834381551362,0.11809923130677848,0.10412299091544375,0.103424178895877,0.10971348707197764
0.0,0.05220476431829701,0.02280790674100355,0.04257475924987329,0.09731373542828181,0.007602635580334516,0.08717688798783578,0.10947795235681702,0.13025848960973138,0.11961479979726306,0.07298530157121136,0.2579827673593512
0.0,0.07917888563049853,0.03812316715542522,0.050586510263929615,0.13049853372434017,0.04472140762463343,0.06378299120234604,0.14589442815249268,0.11803519061583578,0.16862170087976538,0.09017595307917889,0.07038123167155426
0.0,0.058784235136940546,0.03740814963259853,0.0447561790247161,0.10821643286573146,0.04275217100868404,0.058784235136940546,0.15297261189044756,0.15497661990647962,0.1796927187708751,0.10287241148964596,0.058784235136940546
0.0,0.04421175101803374,0.0447934845840605,0.051192553810354854,0.1099476439790576,0.09656777196044211,0.06050029086678301,0.12681791739383363,0.12390924956369982,0.20302501454333916,0.07853403141361257,0.06050029086678301
0.0,0.07452574525745258,0.046747967479674794,0.056910569105691054,0.0975609756097561,0.06436314363143632,0.046747967479674794,0.1510840108401084,0.09959349593495935,0.10298102981029811,0.17073170731707318,0.08875338753387534
0.0,0.06277463904582549,0.03766478342749529,0.04331450094161959,0.08097928436911488,0.047080979284369114,0.07595731324544884,0.17827997489014438,0.13057124921531701,0.160075329566855,0.12303829252981795,0.060263653483992465
0.0,0.05465191932335719,0.03318152244632401,0.05985686402081978,0.1099544567338972,0.0494469746258946,0.07221860767729343,0.202992843201041,0.10409889394925179,0.10670136629798309,0.14769030579050096,0.05920624593363696
0.0,0.07142857142857142,0.020089285714285716,0.06324404761904762,0.11755952380952381,0.014136904761904762,0.08333333333333333,0.17782738095238096,0.11681547619047619,0.12202380952380952,0.12946428571428573,0.08407738095238096
0.0,0.08667621776504297,0.03724928366762178,0.04871060171919771,0.12392550143266476,0.02650429799426934,0.09097421203438395,0.15759312320916904,0.12249283667621777,0.09312320916905444,0.09383954154727794,0.11891117478510028
0.0,0.054313099041533544,0.03961661341853035,0.038338658146964855,0.11182108626198083,0.0536741214057508,0.07667731629392971,0.14376996805111822,0.1073482428115016,0.18338658146964856,0.12460063897763578,0.06645367412140575
0.0,0.06534272901985906,0.024983984625240232,0.05124919923126201,0.11146700832799487,0.03843689942344651,0.06149903907751442,0.15438821268417682,0.07943625880845612,0.14221652786675207,0.2274183215887252,0.04356181934657271
0.0,0.05490734385724091,0.04118050789293068,0.04667124227865477,0.11736444749485243,0.05765271105010295,0.07412491420727522,0.15648592999313657,0.12079615648592999,0.10363761153054221,0.12560054907343857,0.10157858613589568
0.0,0.05555555555555555,0.03611111111111111,0.06111111111111111,0.1423611111111111,0.06805555555555555,0.08194444444444444,0.15555555555555556,0.08611111111111111,0.11875,0.08819444444444445,0.10625
0.0,0.05710577547047372,0.036340038935756006,0.040882543802725504,0.11745619727449708,0.07268007787151201,0.07268007787151201,0.17261518494484102,0.12134977287475665,0.12783906554185595,0.08046722907203115,0.10058403634003893
0.0,0.04948939512961508,0.03613511390416339,0.05813040062843677,0.10761979575805185,0.006284367635506678,0.08483896307934014,0.2356637863315004,0.061272584446190104,0.11940298507462686,0.10761979575805185,0.1335428122545169
0.0,0.07095343680709534,0.03547671840354767,0.04360679970436068,0.09238728750923873,0.058388765705838876,0.0598669623059867,0.2106430155210643,0.10716925351071692,0.09460458240946046,0.11086474501108648,0.11603843311160385
0.0,0.06254767353165523,0.036613272311212815,0.04881769641495042,0.09229595728451563,0.07932875667429443,0.08695652173913043,0.17696414950419528,0.10297482837528604,0.09077040427154844,0.11289092295957284,0.10983981693363844
0.0,0.07960199004975124,0.03316749585406302,0.05555555555555555,0.10862354892205639,0.05306799336650083,0.07545605306799337,0.16749585406301823,0.09286898839137644,0.10862354892205639,0.09950248756218906,0.12603648424543948
0.0,0.07530120481927711,0.045180722891566265,0.0391566265060241,0.11144578313253012,0.0572289156626506,0.08132530120481928,0.1566265060240964,0.10240963855421686,0.09563253012048192,0.11069277108433735,0.125
0.0,0.07804522246535375,0.046681254558716266,0.037199124726477024,0.10722100656455143,0.06710430342815463,0.0787746170678337,0.1473377097009482,0.10722100656455143,0.09700948212983224,0.13347921225382933,0.099927060539752
0.0,0.07710464201416208,0.044059795436664044,0.024390243902439025,0.11959087332808813,0.05979543666404406,0.08733280881195908,0.17545239968528717,0.10700236034618411,0.11487018095987411,0.12273800157356413,0.06766325727773406
0.0,0.05815831987075929,0.05492730210016155,0.03877221324717286,0.10904684975767366,0.05735056542810985,0.0654281098546042,0.1801292407108239,0.09693053311793215,0.1098546042003231,0.10420032310177706,0.12520193861066237
0.0,0.09065743944636678,0.03806228373702422,0.042906574394463666,0.10934256055363321,0.05813148788927336,0.06643598615916955,0.15017301038062283,0.08858131487889273,0.10519031141868512,0.14740484429065745,0.10311418685121107
0.0,0.07792207792207792,0.05576776165011459,0.023682200152788387,0.11535523300229182,0.04048892284186402,0.06722689075630252,0.17570664629488159,0.11306340718105425,0.09396485867074103,0.09549274255156608,0.1413292589763178
0.0,0.06775700934579439,0.056074766355140186,0.0381619937694704,0.09423676012461059,0.04672897196261682,0.08099688473520249,0.1690031152647975,0.1261682242990654,0.10202492211838006,0.10124610591900311,0.117601246105919
0.0,0.0713128038897893,0.04538087520259319,0.06482982171799027,0.11021069692058347,0.03889789303079417,0.05834683954619125,0.20016207455429497,0.06158833063209076,0.11831442463533225,0.10696920583468396,0.1239870340356564
0.0,0.07598371777476255,0.0407055630936228,0.027137042062415198,0.09430122116689281,0.027137042062415198,0.07462686567164178,0.16621438263229307,0.08005427408412483,0.10922659430122117,0.16689280868385345,0.13772048846675713
0.0,0.06339144215530904,0.03486529318541997,0.07369255150554675,0.10697305863708399,0.005546751188589541,0.08716323296354993,0.16719492868462757,0.12202852614896989,0.12836767036450078,0.08716323296354993,0.12361331220285261
0.0,0.0728862973760933,0.03206997084548105,0.043731778425655975,0.11880466472303207,0.05539358600583091,0.04081632653061224,0.1858600583090379,0.12026239067055394,0.13702623906705538,0.11443148688046648,0.07871720116618076
0.0,0.09479015918958032,0.03473227206946455,0.0694645441389291,0.14399421128798842,0.05137481910274964,0.04124457308248915,0.15846599131693198,0.08683068017366136,0.10781476121562952,0.12952243125904486,0.08176555716353111
0.0,0.0758364312267658,0.03271375464684015,0.05724907063197026,0.11598513011152416,0.038661710037174724,0.08029739776951673,0.17992565055762083,0.0862453531598513,0.1033457249070632,0.11078066914498141,0.11895910780669144
0.0,0.08745247148288973,0.045627376425855515,0.045627376425855515,0.10190114068441064,0.025095057034220533,0.07224334600760456,0.1726235741444867,0.13460076045627375,0.08212927756653993,0.10950570342205324,0.12319391634980989
0.0,0.07917888563049853,0.04985337243401759,0.03519061583577713,0.12903225806451613,0.0469208211143695,0.07917888563049853,0.17521994134897362,0.08797653958944282,0.1063049853372434,0.09017595307917889,0.12096774193548387
0.0,0.07585247042449547,0.038274182324286705,0.05358385525400139,0.09116214335421016,0.054975643702157274,0.07585247042449547,0.17466945024356298,0.1057759220598469,0.12178148921363953,0.07376478775226165,0.13430758524704245
0.0,0.05993690851735016,0.02082018927444795,0.06309148264984227,0.11041009463722397,0.03028391167192429,0.06813880126182965,0.1501577287066246,0.13186119873817034,0.14511041009463724,0.1085173501577287,0.11167192429022083
0.0,0.07618343195266272,0.045118343195266274,0.047337278106508875,0.10872781065088757,0.017011834319526627,0.08062130177514792,0.16937869822485208,0.14866863905325445,0.09985207100591716,0.09319526627218935,0.11390532544378698
0.0,0.06553911205073996,0.042283298097251586,0.058491895701198025,0.11416490486257928,0.035940803382663845,0.08738548273431994,0.1634954193093728,0.12332628611698379,0.10993657505285412,0.08386187455954898,0.11557434813248767
0.0,0.06269592476489028,0.0493730407523511,0.022727272727272728,0.10893416927899686,0.050156739811912224,0.07836990595611286,0.20376175548589343,0.11833855799373041,0.09639498432601881,0.09796238244514106,0.11128526645768025
