yuan8
2afb5c2cbd67ce59a9a89b0adc501754a23333a2b08c2eecf94e7d62ba4bc8d1
0.0,0.03810504634397528,0.13697219361483007,0.19979402677651906,0.13388259526261587,0.1822863027806385,0.10710607621009269,0.20185375901132852
0.0,0.0005319748156863727,0.001107759322076329,0.0014394612659748907,0.0004349676434141518,0.0005319748156863727,0.9925179306805523,0.00018775581730107272,0.00044748469790088997,0.0005601381882815335,0.00041306279806235997,0.0005069407067128963,0.0007823159054211363,0.0005382333429297417
0.0,0.022857142857142857,0.16114285714285714,0.19542857142857142,0.128,0.19314285714285714,0.14057142857142857,0.15885714285714286
0.0,0.019253910950661854,0.1684717208182912,0.16365824308062576,0.18050541516245489,0.18050541516245489,0.08664259927797834,0.2009626955475331
0.0,0.03125,0.171875,0.18638392857142858,0.14397321428571427,0.15066964285714285,0.14285714285714285,0.17299107142857142
0.0,0.05005688282138794,0.16609783845278725,0.14789533560864618,0.15813424345847554,0.13993174061433447,0.16382252559726962,0.17406143344709898
0.0,0.05365853658536585,0.09878048780487805,0.18048780487804877,0.1329268292682927,0.19634146341463415,0.16585365853658537,0.1719512195121951
0.0,0.07374301675977654,0.20335195530726258,0.1653631284916201,0.12960893854748604,0.15307262569832403,0.1329608938547486,0.1418994413407821
0.0,0.06649937264742785,0.1806775407779172,0.14052697616060225,0.15056461731493098,0.164366373902133,0.1493099121706399,0.1480552070263488
0.0,0.06225165562913907,0.1695364238410596,0.13509933774834437,0.16556291390728478,0.17483443708609273,0.13112582781456952,0.16158940397350993
0.0,0.07407407407407407,0.13398692810457516,0.1318082788671024,0.14270152505446623,0.16993464052287582,0.16993464052287582,0.1775599128540305
0.0,0.07971864009378664,0.12661195779601406,0.19577960140679954,0.11723329425556858,0.17584994138335286,0.13130128956623682,0.1735052754982415
0.0,0.05790645879732739,0.1714922048997773,0.12472160356347439,0.1291759465478842,0.1603563474387528,0.18262806236080179,0.17371937639198218
0.0,0.059113300492610835,0.15886699507389163,0.1539408866995074,0.14901477832512317,0.16009852216748768,0.13916256157635468,0.17980295566502463
0.0,0.046875,0.19471153846153846,0.15264423076923078,0.15144230769230768,0.18509615384615385,0.10336538461538461,0.1658653846153846
0.0,0.0583232077764277,0.1433778857837181,0.21385176184690158,0.14094775212636695,0.16281895504252733,0.10206561360874848,0.17861482381530985
0.0,0.0793854033290653,0.11523687580025609,0.1792573623559539,0.14340588988476313,0.1523687580025608,0.15492957746478872,0.17541613316261204
0.0,0.07547169811320754,0.1307277628032345,0.1778975741239892,0.1293800539083558,0.1752021563342318,0.16172506738544473,0.1495956873315364
0.0,0.04190919674039581,0.17578579743888242,0.21303841676367868,0.1280558789289872,0.17462165308498254,0.08731082654249127,0.17927823050058206
0.0,0.06869220607661823,0.09907529722589167,0.19682959048877147,0.14663143989431968,0.20343461030383092,0.12549537648612946,0.15984147952443858
0.0,0.0678391959798995,0.13190954773869346,0.18592964824120603,0.14949748743718594,0.15577889447236182,0.12060301507537688,0.1884422110552764
0.0,0.0796812749003984,0.13147410358565736,0.14475431606905712,0.13280212483399734,0.1952191235059761,0.08764940239043825,0.22841965471447542
0.0,0.057068741893644616,0.14396887159533073,0.16342412451361868,0.13359273670557717,0.17380025940337224,0.16601815823605706,0.1621271076523995
0.0,0.07142857142857142,0.1234866828087167,0.19128329297820823,0.12227602905569007,0.1585956416464891,0.14527845036319612,0.18765133171912832
0.0,0.05648267008985879,0.14762516046213095,0.14377406931964057,0.196405648267009,0.1540436456996149,0.14890885750962773,0.1527599486521181
0.0,0.05218617771509168,0.15937940761636107,0.19605077574047955,0.13399153737658676,0.17207334273624825,0.09873060648801128,0.18758815232722145
0.0,0.05504587155963303,0.11926605504587157,0.182175622542595,0.11926605504587157,0.18610747051114024,0.15334207077326342,0.18479685452162517
0.0,0.05312084993359894,0.1460823373173971,0.1699867197875166,0.15405046480743692,0.15139442231075698,0.15405046480743692,0.17131474103585656
0.0,0.048223350253807105,0.17385786802030456,0.18401015228426396,0.12944162436548223,0.15736040609137056,0.13578680203045684,0.1713197969543147
0.0,0.028901734104046242,0.13988439306358383,0.22196531791907514,0.14682080924855492,0.1722543352601156,0.12023121387283237,0.1699421965317919
0.0,0.04183535762483131,0.13630229419703105,0.18083670715249664,0.11740890688259109,0.16869095816464239,0.13900134952766532,0.21592442645074225
0.0,0.06467661691542288,0.11442786069651742,0.18159203980099503,0.13432835820895522,0.2027363184079602,0.13930348258706468,0.16293532338308458
0.0,0.05752753977968176,0.14687882496940025,0.14320685434516525,0.15422276621787026,0.17380660954712362,0.12729498164014688,0.19706242350061198
0.0,0.06056527590847914,0.1601615074024226,0.17631224764468373,0.13055181695827725,0.17227456258411844,0.126514131897712,0.17362045760430686
0.0,0.04950495049504951,0.1485148514851485,0.17574257425742573,0.1547029702970297,0.16212871287128713,0.13242574257425743,0.17698019801980197
0.0,0.04992867332382311,0.14265335235378032,0.20970042796005706,0.12553495007132667,0.18544935805991442,0.10984308131241084,0.1768901569186876
0.0,0.047556142668428,0.1083223249669749,0.1928665785997358,0.10171730515191546,0.19418758256274768,0.15984147952443858,0.1955085865257596
0.0,0.032577903682719546,0.14872521246458922,0.1813031161473088,0.12464589235127478,0.18555240793201133,0.11898016997167139,0.20821529745042494
0.0,0.07552447552447553,0.12867132867132866,0.2,0.12307692307692308,0.1874125874125874,0.15664335664335666,0.12867132867132866
0.0,0.05912596401028278,0.09768637532133675,0.20051413881748073,0.16195372750642673,0.17223650385604114,0.14652956298200515,0.16195372750642673
0.0,0.07300275482093664,0.08539944903581267,0.23140495867768596,0.1322314049586777,0.17079889807162535,0.15426997245179064,0.15289256198347106
0.0,0.08771929824561403,0.13450292397660818,0.18421052631578946,0.12719298245614036,0.18421052631578946,0.11403508771929824,0.16812865497076024
0.0,0.05105105105105105,0.12912912912912913,0.22972972972972974,0.13513513513513514,0.1816816816816817,0.1066066066066066,0.16666666666666666
0.0,0.06737120211360634,0.11096433289299867,0.2073976221928666,0.14134742404227213,0.18626155878467635,0.15323645970937913,0.1334214002642008
0.0,0.030789825970548863,0.17402945113788487,0.17670682730923695,0.15796519410977242,0.19812583668005354,0.12717536813922356,0.13520749665327977
0.0,0.07055630936227951,0.14382632293080055,0.15332428765264586,0.1655359565807327,0.19810040705563092,0.07462686567164178,0.19402985074626866
0.0,0.04943502824858757,0.1807909604519774,0.1694915254237288,0.17231638418079095,0.16242937853107345,0.11864406779661017,0.14689265536723164
0.0,0.08076358296622614,0.1130690161527166,0.18208516886930984,0.1512481644640235,0.1894273127753304,0.12187958883994127,0.16152716593245228
0.0,0.04271356783919598,0.14321608040201006,0.1721105527638191,0.12060301507537688,0.18090452261306533,0.157035175879397,0.18341708542713567
0.0,0.05725699067909454,0.15579227696404793,0.17842876165113183,0.1478029294274301,0.1810918774966711,0.14380825565912117,0.13581890812250333
0.0,0.044929396662387676,0.15789473684210525,0.14120667522464697,0.14890885750962773,0.21437740693196405,0.14762516046213095,0.14505776636713735
0.0,0.0686641697877653,0.16104868913857678,0.1560549313358302,0.1647940074906367,0.1972534332084894,0.062421972534332085,0.18976279650436953
0.0,0.08872651356993737,0.08768267223382047,0.1722338204592902,0.18789144050104384,0.17745302713987474,0.11691022964509394,0.16910229645093947
0.0,0.05818540433925049,0.16074950690335305,0.20710059171597633,0.16469428007889547,0.15187376725838264,0.1301775147928994,0.12721893491124261
0.0,0.050292397660818715,0.16023391812865498,0.1824561403508772,0.14736842105263157,0.18128654970760233,0.14502923976608187,0.13333333333333333
0.0,0.06297502714440825,0.15200868621064062,0.1769815418023887,0.13680781758957655,0.16069489685124863,0.1498371335504886,0.16069489685124863
0.0,0.08820286659316427,0.14553472987872107,0.17089305402425578,0.12127894156560089,0.185226019845645,0.12348401323042998,0.16538037486218302
0.0,0.06335403726708075,0.13167701863354037,0.19875776397515527,0.1341614906832298,0.20993788819875778,0.10434782608695652,0.1577639751552795
0.0,0.049266247379454925,0.11844863731656184,0.20230607966457023,0.11740041928721175,0.16457023060796647,0.1719077568134172,0.1761006289308176
0.0,0.02040816326530612,0.17091836734693877,0.18622448979591838,0.125,0.1913265306122449,0.1377551020408163,0.1683673469387755
