yuan6
13d42d1c5d7e8572806273919a400ba26c948c86dece3931644f36053b638929
0.0,0.14332514332514332,0.2678132678132678,0.34316134316134317,0.10810810810810811,0.1375921375921376
0.0,0.131477184841454,0.2737819025522042,0.3557617942768755,0.10750193348801237,0.131477184841454
0.0,0.13822525597269625,0.26109215017064846,0.363481228668942,0.09982935153583618,0.13737201365187712
0.0,0.1557377049180328,0.1567622950819672,0.38422131147540983,0.1168032786885246,0.1864754098360656
0.0,0.15615615615615616,0.17017017017017017,0.3983983983983984,0.10810810810810811,0.16716716716716717
0.0,0.1326442721791559,0.1507321274763135,0.45391903531438416,0.10335917312661498,0.15934539190353145
0.0,0.12406716417910447,0.16417910447761194,0.44776119402985076,0.11194029850746269,0.15205223880597016
0.0,0.14570858283433133,0.15269461077844312,0.4171656686626746,0.1157684630738523,0.1686626746506986
0.0,0.12972420837589377,0.1644535240040858,0.4167517875383044,0.11235955056179775,0.1767109295199183
0.0,0.15547703180212014,0.17196702002355713,0.3839811542991755,0.12131919905771496,0.16725559481743227
0.0,0.16262975778546712,0.22577854671280276,0.34515570934256057,0.13927335640138408,0.12716262975778547
0.0,0.16065573770491803,0.15628415300546447,0.3846994535519126,0.13333333333333333,0.1650273224043716
0.0,0.15969989281886388,0.1457663451232583,0.40192926045016075,0.11468381564844587,0.17792068595927116
0.0,0.16401590457256462,0.15109343936381708,0.3866799204771372,0.12127236580516898,0.17693836978131214
0.0,0.16355140186915887,0.15654205607476634,0.3679906542056075,0.15186915887850466,0.16004672897196262
0.0,0.15812917594654788,0.12472160356347439,0.44766146993318484,0.09688195991091314,0.17260579064587972
0.0,0.1441263573543929,0.23099703849950642,0.3741362290227048,0.11056268509378085,0.140177690029615
0.0,0.16240266963292546,0.17908787541713014,0.38264738598442716,0.11345939933259176,0.16240266963292546
0.0,0.1261564339781329,0.25399495374264086,0.3793103448275862,0.11942809083263246,0.12111017661900757
0.0,0.1342828077314344,0.167853509664293,0.4008138351983723,0.13021363173957273,0.16683621566632756
0.0,0.1351084812623274,0.14792899408284024,0.4358974358974359,0.10355029585798817,0.17751479289940827
0.0,0.15778019586507072,0.14907508161044614,0.3710554951033732,0.16757344940152338,0.15451577801958652
0.0,0.1413160733549083,0.14455231930960086,0.42179072276159657,0.13160733549083065,0.16073354908306364
0.0,0.15219842164599776,0.15107102593010147,0.3923337091319053,0.11161217587373168,0.1927846674182638
0.0,0.15521064301552107,0.18403547671840353,0.35920177383592017,0.17405764966740578,0.12749445676274945
0.0,0.15270935960591134,0.20886699507389161,0.36847290640394087,0.11527093596059114,0.15467980295566502
0.0,0.16407766990291262,0.18349514563106797,0.36893203883495146,0.12718446601941746,0.1563106796116505
0.0,0.15943396226415094,0.19622641509433963,0.36792452830188677,0.12924528301886792,0.1471698113207547
0.0,0.15760869565217392,0.18043478260869567,0.3706521739130435,0.12608695652173912,0.16521739130434782
0.0,0.16901408450704225,0.16398390342052313,0.3933601609657948,0.10160965794768612,0.1720321931589537
0.0,0.1309055118110236,0.1594488188976378,0.4281496062992126,0.125,0.15649606299212598
0.0,0.16021505376344086,0.1817204301075269,0.3978494623655914,0.0956989247311828,0.16451612903225807
0.0,0.13765182186234817,0.1548582995951417,0.42206477732793524,0.11336032388663968,0.1720647773279352
0.0,0.16381156316916487,0.14668094218415417,0.3715203426124197,0.145610278372591,0.17237687366167023
0.0,0.19289340101522842,0.11878172588832488,0.4131979695431472,0.10964467005076142,0.16548223350253807
0.0,0.14678899082568808,0.16972477064220184,0.3853211009174312,0.1158256880733945,0.1823394495412844
0.0,0.15124153498871332,0.16027088036117382,0.3927765237020316,0.11963882618510158,0.17607223476297967
0.0,0.14974874371859295,0.1507537688442211,0.41105527638190953,0.11557788944723618,0.1728643216080402
0.0,0.1331133113311331,0.21122112211221122,0.35973597359735976,0.15841584158415842,0.13751375137513752
0.0,0.16012396694214875,0.1621900826446281,0.3822314049586777,0.1353305785123967,0.16012396694214875
0.0,0.15358361774744028,0.1820250284414107,0.36177474402730375,0.15358361774744028,0.149032992036405
0.0,0.14035087719298245,0.17982456140350878,0.34100877192982454,0.18201754385964913,0.15679824561403508
0.0,0.133032694475761,0.17700112739571588,0.4024802705749718,0.12288613303269448,0.16459977452085683
0.0,0.16036655211912945,0.14432989690721648,0.3699885452462772,0.1672394043528064,0.15807560137457044
0.0,0.13213213213213212,0.16116116116116116,0.4134134134134134,0.12512512512512514,0.16816816816816818
0.0,0.13368983957219252,0.17433155080213902,0.38823529411764707,0.11550802139037433,0.18823529411764706
0.0,0.1592814371257485,0.17365269461077845,0.35808383233532937,0.12335329341317365,0.18562874251497005
0.0,0.14987405541561713,0.1561712846347607,0.37279596977329976,0.11838790931989925,0.20277078085642317
0.0,0.1524390243902439,0.15609756097560976,0.3829268292682927,0.11829268292682926,0.1902439024390244
0.0,0.16763678696158324,0.1769499417927823,0.36321303841676367,0.11292200232828871,0.17927823050058206
0.0,0.14437869822485208,0.15739644970414202,0.3763313609467456,0.1467455621301775,0.17514792899408285
0.0,0.13238289205702647,0.18431771894093688,0.3920570264765784,0.12830957230142567,0.1629327902240326
0.0,0.14732593340060546,0.16448032290615539,0.3713420787083754,0.14934409687184663,0.16750756811301715
0.0,0.15350389321468297,0.13904338153503892,0.38598442714126807,0.16017797552836485,0.16129032258064516
0.0,0.1558589306029579,0.161547212741752,0.3845278725824801,0.13879408418657566,0.15927189988623436
0.0,0.14334470989761092,0.17064846416382254,0.3856655290102389,0.12741751990898748,0.17292377701934017
0.0,0.1335540838852097,0.16556291390728478,0.38852097130242824,0.12251655629139073,0.18984547461368653
0.0,0.14358322744599747,0.19567979669631513,0.36594663278271916,0.10927573062261753,0.1855146124523507
0.0,0.13577799801783944,0.16551040634291378,0.4043607532210109,0.13478691774033696,0.1595639246778989
0.0,0.1559432933478735,0.14830970556161396,0.40567066521264994,0.10468920392584515,0.18538713195201745
0.0,0.16585365853658537,0.15707317073170732,0.3824390243902439,0.12682926829268293,0.1678048780487805
0.0,0.1577889447236181,0.1457286432160804,0.4020100502512563,0.12361809045226131,0.1708542713567839
0.0,0.16,0.15076923076923077,0.40205128205128204,0.12717948717948718,0.16
0.0,0.14187866927592954,0.15264187866927592,0.40998043052837574,0.12720156555772993,0.16829745596868884
0.0,0.11343612334801761,0.1828193832599119,0.40308370044052866,0.11233480176211454,0.1883259911894273
0.0,0.14383561643835616,0.15182648401826485,0.3744292237442922,0.1415525114155251,0.18835616438356165
0.0,0.16135662898252826,0.15827338129496402,0.3854059609455293,0.11202466598150052,0.1829393627954779
0.0,0.1375422773393461,0.16347237880496054,0.3923337091319053,0.12063134160090191,0.18602029312288612
0.0,0.15443592552026286,0.15991237677984665,0.3833515881708653,0.13253012048192772,0.16976998904709747
0.0,0.1432806324110672,0.16897233201581027,0.3824110671936759,0.14031620553359683,0.1650197628458498
0.0,0.1605316973415133,0.1390593047034765,0.39263803680981596,0.13496932515337423,0.17280163599182005
0.0,0.1469098277608916,0.14184397163120568,0.40628166160081053,0.12259371833839919,0.182370820668693
0.0,0.1270772238514174,0.17595307917888564,0.40762463343108507,0.1436950146627566,0.14565004887585534
0.0,0.151,0.136,0.393,0.135,0.185
0.0,0.1668696711327649,0.16199756394640683,0.3654080389768575,0.13398294762484775,0.17174177831912302
0.0,0.14696132596685083,0.16022099447513813,0.36353591160220994,0.14806629834254142,0.18121546961325966
0.0,0.1439312567132116,0.17937701396348013,0.3748657357679914,0.12996777658431793,0.17185821697099893
0.0,0.12338308457711443,0.18109452736318407,0.41393034825870645,0.12338308457711443,0.1582089552238806
0.0,0.1420704845814978,0.1696035242290749,0.40748898678414097,0.11343612334801761,0.16740088105726872
0.0,0.16887417218543047,0.16997792494481237,0.37637969094922735,0.11037527593818984,0.17439293598233996
0.0,0.15148063781321183,0.18109339407744876,0.3826879271070615,0.09453302961275627,0.19020501138952164
0.0,0.1664779161947905,0.13816534541336353,0.3714609286523216,0.1347678369195923,0.18912797281993204
0.0,0.13203463203463203,0.17316017316017315,0.37987012987012986,0.1266233766233766,0.18831168831168832
0.0,0.16517857142857142,0.15401785714285715,0.38392857142857145,0.11607142857142858,0.18080357142857142
0.0,0.14285714285714285,0.15671641791044777,0.3859275053304904,0.14072494669509594,0.17377398720682302
0.0,0.15661375661375662,0.14179894179894179,0.38306878306878306,0.14814814814814814,0.17037037037037037
0.0,0.16326530612244897,0.1653061224489796,0.37244897959183676,0.14285714285714285,0.15612244897959185
0.0,0.15292841648590022,0.15184381778741865,0.3633405639913232,0.1540130151843818,0.17787418655097614
0.0,0.14112903225806453,0.1875,0.35080645161290325,0.14717741935483872,0.17338709677419356
0.0,0.140893470790378,0.17525773195876287,0.3619702176403207,0.15234822451317298,0.16953035509736541
